        0	2023-01-01 06:11:41	1	201	1	0
        0	2023-01-01 06:11:42	1	201	1	0
        0	2023-01-01 06:11:45	1	201	1	0
        0	2023-01-01 06:11:48	1	201	1	0
      123	2023-01-01 06:11:52	1	255	1	0
      130	2023-01-01 06:37:08	1	255	1	0
      135	2023-01-01 06:37:11	1	255	1	0
       45	2023-01-01 06:39:49	1	255	1	0
       56	2023-01-01 06:45:55	1	255	1	0
      113	2023-01-01 06:49:40	1	255	1	0
       47	2023-01-01 07:00:56	1	255	1	0
       80	2023-01-01 07:19:50	1	255	1	0
        0	2023-01-01 07:21:29	1	201	1	0
        0	2023-01-01 07:21:31	1	201	1	0
        0	2023-01-01 07:21:34	1	201	1	0
       58	2023-01-01 07:21:41	1	255	1	0
      129	2023-01-01 07:26:30	1	255	1	0
       48	2023-01-01 07:36:08	1	255	1	0
       20	2023-01-01 08:06:11	1	255	1	0
      127	2023-01-01 08:12:52	1	255	1	0
       54	2023-01-01 08:13:29	1	255	1	0
        0	2023-01-01 08:18:55	1	201	1	0
      104	2023-01-01 08:18:56	1	255	1	0
       94	2023-01-01 08:25:46	1	255	1	0
      134	2023-01-01 09:00:19	1	255	1	0
       43	2023-01-01 13:14:23	1	255	1	0
       48	2023-01-01 13:54:45	1	255	1	0
      134	2023-01-01 17:00:17	1	255	1	0
      134	2023-01-01 17:00:19	1	255	1	0
       57	2023-01-01 17:27:57	1	255	1	0
       47	2023-01-01 17:32:53	1	255	1	0
      129	2023-01-01 18:08:41	1	255	1	0
       45	2023-01-01 18:28:49	1	255	1	0
      133	2023-01-01 18:36:36	1	255	1	0
       56	2023-01-01 18:48:02	1	255	1	0
       28	2023-01-01 19:03:14	1	255	1	0
       58	2023-01-01 19:04:06	1	255	1	0
       94	2023-01-01 19:27:50	1	255	1	0
      104	2023-01-01 19:41:57	1	255	1	0
       20	2023-01-01 19:46:36	1	255	1	0
       43	2023-01-01 20:37:47	1	255	1	0
       58	2023-01-02 05:41:33	1	255	1	0
       45	2023-01-02 06:23:16	1	255	1	0
       47	2023-01-02 06:36:11	1	255	1	0
      121	2023-01-02 06:41:35	1	255	1	0
       56	2023-01-02 06:44:39	1	255	1	0
       96	2023-01-02 06:46:30	1	255	1	0
       38	2023-01-02 06:56:43	1	255	1	0
      134	2023-01-02 07:02:01	1	255	1	0
      128	2023-01-02 07:03:30	1	255	1	0
      130	2023-01-02 07:03:54	1	255	1	0
      122	2023-01-02 07:11:48	1	255	1	0
      129	2023-01-02 07:12:27	1	255	1	0
       82	2023-01-02 07:31:44	1	255	1	0
       82	2023-01-02 07:31:45	1	255	1	0
        0	2023-01-02 07:36:04	1	201	1	0
      104	2023-01-02 07:36:06	1	255	1	0
       94	2023-01-02 07:41:12	1	255	1	0
      133	2023-01-02 07:53:25	1	255	1	0
       28	2023-01-02 08:04:41	1	255	1	0
       54	2023-01-02 08:13:34	1	255	1	0
       94	2023-01-02 17:32:13	1	255	1	0
      134	2023-01-02 17:36:02	1	255	1	0
      107	2023-01-02 18:08:08	1	255	1	0
      123	2023-01-02 18:08:16	1	255	1	0
        0	2023-01-02 18:11:43	1	201	1	0
        0	2023-01-02 18:11:45	1	201	1	0
      122	2023-01-02 18:11:48	1	255	1	0
       47	2023-01-02 18:28:05	1	255	1	0
       55	2023-01-02 18:41:04	1	255	1	0
       23	2023-01-02 18:41:09	1	255	1	0
        0	2023-01-02 18:42:49	1	201	1	0
       39	2023-01-02 18:42:51	1	255	1	0
        0	2023-01-02 18:57:33	1	201	1	0
      133	2023-01-02 18:57:39	1	255	1	0
       45	2023-01-02 18:59:48	1	255	1	0
       58	2023-01-02 19:04:24	1	255	1	0
      121	2023-01-02 19:08:53	1	255	1	0
       96	2023-01-02 19:09:01	1	255	1	0
      128	2023-01-02 19:38:04	1	255	1	0
        0	2023-01-02 19:56:13	1	201	1	0
       56	2023-01-02 19:56:15	1	255	1	0
       82	2023-01-02 20:27:43	1	255	1	0
       43	2023-01-02 20:31:28	1	255	1	0
       47	2023-01-03 06:31:51	1	255	1	0
       42	2023-01-03 06:44:17	1	255	1	0
       80	2023-01-03 06:45:12	1	255	1	0
       44	2023-01-03 06:45:15	1	255	1	0
       87	2023-01-03 06:46:05	1	255	1	0
      128	2023-01-03 06:51:18	1	255	1	0
      127	2023-01-03 06:55:02	1	255	1	0
        0	2023-01-03 06:56:37	1	201	1	0
        0	2023-01-03 06:56:39	1	201	1	0
        0	2023-01-03 06:56:40	1	201	1	0
       32	2023-01-03 06:56:42	1	255	1	0
        0	2023-01-03 06:57:19	1	201	1	0
       96	2023-01-03 06:57:24	1	255	1	0
       43	2023-01-03 07:03:39	1	255	1	0
      124	2023-01-03 07:07:49	1	255	1	0
      134	2023-01-03 07:13:37	1	255	1	0
      131	2023-01-03 07:14:54	1	255	1	0
      131	2023-01-03 07:14:56	1	255	1	0
      122	2023-01-03 07:15:06	1	255	1	0
      107	2023-01-03 07:15:18	1	255	1	0
       21	2023-01-03 07:20:04	1	255	1	0
        0	2023-01-03 07:21:02	1	201	1	0
       85	2023-01-03 07:21:05	1	255	1	0
       94	2023-01-03 08:00:45	1	255	1	0
       23	2023-01-03 08:30:27	1	255	1	0
       60	2023-01-03 08:50:27	1	255	1	0
       39	2023-01-03 09:16:41	1	255	1	0
      133	2023-01-03 10:03:03	1	255	1	0
       82	2023-01-03 11:12:27	1	255	1	0
        0	2023-01-03 13:37:43	1	201	1	0
       48	2023-01-03 13:37:45	1	255	1	0
      134	2023-01-03 17:38:42	1	255	1	0
      121	2023-01-03 17:55:52	1	255	1	0
        0	2023-01-03 17:56:17	1	201	1	0
        0	2023-01-03 17:56:20	1	201	1	0
        0	2023-01-03 17:56:24	1	201	1	0
        0	2023-01-03 17:56:27	1	201	1	0
      123	2023-01-03 17:56:35	1	255	1	0
        0	2023-01-03 17:58:57	1	201	1	0
      122	2023-01-03 17:58:58	1	255	1	0
        0	2023-01-03 18:25:23	1	201	1	0
        0	2023-01-03 18:25:25	1	201	1	0
       39	2023-01-03 18:25:27	1	255	1	0
       55	2023-01-03 18:32:46	1	255	1	0
       21	2023-01-03 18:44:08	1	255	1	0
       21	2023-01-03 18:44:09	1	255	1	0
        0	2023-01-03 18:44:20	1	201	1	0
      126	2023-01-03 18:44:23	1	255	1	0
      117	2023-01-03 18:46:31	1	255	1	0
        0	2023-01-03 18:47:08	1	201	1	0
        0	2023-01-03 18:47:11	1	201	1	0
       44	2023-01-03 18:47:14	1	255	1	0
       28	2023-01-03 18:49:24	1	255	1	0
       78	2023-01-03 18:55:45	1	255	1	0
       96	2023-01-03 19:22:25	1	255	1	0
       87	2023-01-03 19:22:32	1	255	1	0
      131	2023-01-03 19:23:12	1	255	1	0
      128	2023-01-03 19:23:20	1	255	1	0
      127	2023-01-03 19:23:45	1	255	1	0
       44	2023-01-03 19:29:56	1	255	1	0
       43	2023-01-03 19:44:24	1	255	1	0
       82	2023-01-03 19:54:22	1	255	1	0
       48	2023-01-03 20:25:29	1	255	1	0
      125	2023-01-04 04:38:48	1	255	1	0
        0	2023-01-04 04:57:21	1	201	1	0
       87	2023-01-04 04:57:22	1	255	1	0
      128	2023-01-04 05:25:01	1	255	1	0
       40	2023-01-04 06:00:04	1	255	1	0
      131	2023-01-04 06:29:17	1	255	1	0
       56	2023-01-04 06:30:19	1	255	1	0
      126	2023-01-04 06:30:49	1	255	1	0
      124	2023-01-04 06:33:06	1	255	1	0
      135	2023-01-04 06:36:17	1	255	1	0
       80	2023-01-04 06:43:03	1	255	1	0
      123	2023-01-04 06:46:55	1	255	1	0
       21	2023-01-04 06:48:53	1	255	1	0
       42	2023-01-04 06:51:39	1	255	1	0
       20	2023-01-04 06:52:44	1	255	1	0
        0	2023-01-04 06:55:42	1	201	1	0
      127	2023-01-04 06:55:46	1	255	1	0
       44	2023-01-04 06:56:04	1	255	1	0
       96	2023-01-04 07:03:36	1	255	1	0
      134	2023-01-04 07:07:06	1	255	1	0
      121	2023-01-04 07:20:39	1	255	1	0
       43	2023-01-04 07:20:48	1	255	1	0
       28	2023-01-04 07:56:56	1	255	1	0
       60	2023-01-04 08:27:26	1	255	1	0
        0	2023-01-04 09:47:29	1	201	1	0
       39	2023-01-04 09:47:30	1	255	1	0
       82	2023-01-04 10:52:20	1	255	1	0
       48	2023-01-04 13:12:41	1	255	1	0
      134	2023-01-04 17:16:52	1	255	1	0
       57	2023-01-04 18:13:59	1	255	1	0
      126	2023-01-04 18:17:30	1	255	1	0
      113	2023-01-04 18:25:06	1	255	1	0
       20	2023-01-04 18:36:06	1	255	1	0
      117	2023-01-04 18:42:04	1	255	1	0
       28	2023-01-04 18:45:21	1	255	1	0
       39	2023-01-04 18:47:21	1	255	1	0
       80	2023-01-04 18:51:09	1	255	1	0
       28	2023-01-04 18:53:33	1	255	1	0
      128	2023-01-04 19:07:27	1	255	1	0
      131	2023-01-04 19:07:30	1	255	1	0
       96	2023-01-04 19:07:38	1	255	1	0
       87	2023-01-04 19:07:45	1	255	1	0
       78	2023-01-04 19:09:42	1	255	1	0
      104	2023-01-04 19:13:12	1	255	1	0
       56	2023-01-04 19:16:59	1	255	1	0
      135	2023-01-04 19:22:49	1	255	1	0
      127	2023-01-04 19:44:28	1	255	1	0
       43	2023-01-04 19:54:23	1	255	1	0
       48	2023-01-04 20:42:30	1	255	1	0
       45	2023-01-05 06:30:46	1	255	1	0
       47	2023-01-05 06:32:24	1	255	1	0
      126	2023-01-05 06:36:25	1	255	1	0
       20	2023-01-05 06:43:46	1	255	1	0
      131	2023-01-05 06:44:04	1	255	1	0
      135	2023-01-05 06:47:41	1	255	1	0
       32	2023-01-05 06:48:32	1	255	1	0
      124	2023-01-05 06:48:38	1	255	1	0
        0	2023-01-05 06:49:42	1	201	1	0
        0	2023-01-05 06:49:43	1	201	1	0
        0	2023-01-05 06:49:49	1	201	1	0
       21	2023-01-05 06:49:54	1	255	1	0
       57	2023-01-05 06:50:04	1	255	1	0
      130	2023-01-05 06:51:40	1	255	1	0
      113	2023-01-05 06:54:40	1	255	1	0
      136	2023-01-05 06:55:40	1	255	1	0
      134	2023-01-05 06:55:47	1	255	1	0
      133	2023-01-05 07:04:27	1	255	1	0
       96	2023-01-05 07:04:39	1	255	1	0
      125	2023-01-05 07:06:41	1	255	1	0
       38	2023-01-05 07:09:01	1	255	1	0
       43	2023-01-05 07:15:50	1	255	1	0
       39	2023-01-05 07:28:28	1	255	1	0
      117	2023-01-05 07:49:15	1	255	1	0
       78	2023-01-05 08:02:31	1	255	1	0
       60	2023-01-05 08:27:14	1	255	1	0
       48	2023-01-05 13:21:22	1	255	1	0
      134	2023-01-05 17:03:15	1	255	1	0
      123	2023-01-05 17:54:39	1	255	1	0
      124	2023-01-05 18:13:00	1	255	1	0
       56	2023-01-05 18:15:19	1	255	1	0
       47	2023-01-05 18:16:24	1	255	1	0
       45	2023-01-05 18:26:26	1	255	1	0
      113	2023-01-05 18:26:34	1	255	1	0
       21	2023-01-05 18:29:16	1	255	1	0
       39	2023-01-05 18:31:58	1	255	1	0
       23	2023-01-05 18:51:05	1	255	1	0
        0	2023-01-05 19:12:24	1	201	1	0
      117	2023-01-05 19:12:26	1	255	1	0
       78	2023-01-05 19:15:37	1	255	1	0
      104	2023-01-05 19:15:58	1	255	1	0
       20	2023-01-05 19:21:43	1	255	1	0
      131	2023-01-05 19:29:22	1	255	1	0
       96	2023-01-05 19:29:30	1	255	1	0
      133	2023-01-05 19:30:24	1	255	1	0
       43	2023-01-05 19:41:06	1	255	1	0
        0	2023-01-05 19:42:01	1	201	1	0
      130	2023-01-05 19:42:06	1	255	1	0
        0	2023-01-05 19:50:08	1	201	1	0
       48	2023-01-05 19:50:10	1	255	1	0
       87	2023-01-06 06:24:57	1	255	1	0
       47	2023-01-06 06:26:23	1	255	1	0
      129	2023-01-06 06:27:37	1	255	1	0
       20	2023-01-06 06:35:32	1	255	1	0
      104	2023-01-06 06:42:59	1	255	1	0
      113	2023-01-06 06:44:01	1	255	1	0
      131	2023-01-06 06:44:09	1	255	1	0
      121	2023-01-06 06:48:18	1	255	1	0
        0	2023-01-06 06:55:00	1	201	1	0
       32	2023-01-06 06:55:04	1	255	1	0
      124	2023-01-06 06:58:21	1	255	1	0
        9	2023-01-06 07:06:15	1	255	1	0
      125	2023-01-06 07:12:44	1	255	1	0
      123	2023-01-06 07:19:49	1	255	1	0
        0	2023-01-06 07:21:55	1	201	1	0
       85	2023-01-06 07:21:57	1	255	1	0
       38	2023-01-06 07:29:26	1	255	1	0
       56	2023-01-06 07:39:17	1	255	1	0
       23	2023-01-06 07:53:01	1	255	1	0
      117	2023-01-06 08:04:40	1	255	1	0
       43	2023-01-06 08:09:07	1	255	1	0
        0	2023-01-06 08:15:08	1	201	1	0
       78	2023-01-06 08:15:10	1	255	1	0
       78	2023-01-06 08:27:21	1	255	1	0
        0	2023-01-06 10:22:25	1	201	1	0
       39	2023-01-06 10:22:27	1	255	1	0
       48	2023-01-06 13:32:26	1	255	1	0
      104	2023-01-06 18:19:27	1	255	1	0
        0	2023-01-06 18:20:51	1	201	1	0
       45	2023-01-06 18:20:56	1	255	1	0
      122	2023-01-06 18:22:11	1	255	1	0
       56	2023-01-06 18:24:50	1	255	1	0
       20	2023-01-06 18:27:41	1	255	1	0
      113	2023-01-06 18:29:32	1	255	1	0
       47	2023-01-06 18:37:26	1	255	1	0
      124	2023-01-06 18:38:20	1	255	1	0
      131	2023-01-06 18:55:22	1	255	1	0
      133	2023-01-06 18:56:55	1	255	1	0
       38	2023-01-06 18:59:17	1	255	1	0
        0	2023-01-06 19:05:15	1	201	1	0
       87	2023-01-06 19:05:19	1	255	1	0
      121	2023-01-06 19:09:17	1	255	1	0
       55	2023-01-06 19:19:43	1	255	1	0
      135	2023-01-06 19:25:51	1	255	1	0
      128	2023-01-07 05:30:12	1	255	1	0
        0	2023-01-07 05:50:21	1	201	1	0
       87	2023-01-07 05:50:24	1	255	1	0
      125	2023-01-07 06:21:06	1	255	1	0
        0	2023-01-07 06:25:50	1	201	1	0
       44	2023-01-07 06:25:53	1	255	1	0
       58	2023-01-07 06:30:16	1	255	1	0
      126	2023-01-07 06:41:41	1	255	1	0
       57	2023-01-07 06:44:40	1	255	1	0
       45	2023-01-07 06:48:56	1	255	1	0
      113	2023-01-07 06:52:11	1	255	1	0
        0	2023-01-07 06:55:06	1	201	1	0
       80	2023-01-07 06:55:07	1	255	1	0
       21	2023-01-07 06:58:43	1	255	1	0
      127	2023-01-07 07:01:19	1	255	1	0
       23	2023-01-07 07:01:59	1	255	1	0
      122	2023-01-07 07:07:34	1	255	1	0
       56	2023-01-07 07:42:55	1	255	1	0
       20	2023-01-07 07:49:24	1	255	1	0
        0	2023-01-07 07:56:02	1	201	1	0
      104	2023-01-07 07:56:04	1	255	1	0
       94	2023-01-07 08:04:41	1	255	1	0
       55	2023-01-07 08:11:42	1	255	1	0
      125	2023-01-07 12:47:48	1	255	1	0
        0	2023-01-07 18:18:55	1	201	1	0
        0	2023-01-07 18:18:58	1	201	1	0
      122	2023-01-07 18:19:04	1	255	1	0
       45	2023-01-07 18:25:45	1	255	1	0
       55	2023-01-07 18:47:30	1	255	1	0
       28	2023-01-07 18:49:52	1	255	1	0
      130	2023-01-07 18:52:38	1	255	1	0
      130	2023-01-07 18:52:39	1	255	1	0
      133	2023-01-07 18:53:05	1	255	1	0
       21	2023-01-07 18:54:32	1	255	1	0
      107	2023-01-07 18:57:29	1	255	1	0
      126	2023-01-07 19:04:18	1	255	1	0
      128	2023-01-07 19:08:18	1	255	1	0
      128	2023-01-07 19:08:19	1	255	1	0
       58	2023-01-07 19:08:23	1	255	1	0
       87	2023-01-07 19:08:36	1	255	1	0
      130	2023-01-07 19:14:31	1	255	1	0
       44	2023-01-07 19:24:37	1	255	1	0
       23	2023-01-07 19:27:49	1	255	1	0
       20	2023-01-07 19:34:09	1	255	1	0
       87	2023-01-08 06:10:02	1	255	1	0
       93	2023-01-08 06:14:01	1	255	1	0
       93	2023-01-08 06:14:02	1	255	1	0
      126	2023-01-08 06:31:41	1	255	1	0
       21	2023-01-08 06:42:05	1	255	1	0
      127	2023-01-08 06:43:47	1	255	1	0
      107	2023-01-08 06:49:48	1	255	1	0
      122	2023-01-08 07:00:48	1	255	1	0
        0	2023-01-08 07:03:36	1	201	1	0
       80	2023-01-08 07:03:38	1	255	1	0
       58	2023-01-08 07:15:34	1	255	1	0
      128	2023-01-08 07:20:43	1	255	1	0
      129	2023-01-08 07:21:54	1	255	1	0
        0	2023-01-08 07:28:51	1	201	1	0
      130	2023-01-08 07:28:56	1	255	1	0
        9	2023-01-08 07:41:27	1	255	1	0
        0	2023-01-08 07:57:34	1	201	1	0
       82	2023-01-08 07:57:38	1	255	1	0
      133	2023-01-08 08:03:01	1	255	1	0
       55	2023-01-08 08:05:11	1	255	1	0
       94	2023-01-08 08:37:48	1	255	1	0
       54	2023-01-08 08:49:32	1	255	1	0
       28	2023-01-08 08:52:09	1	255	1	0
        0	2023-01-08 13:27:49	1	201	1	0
       48	2023-01-08 13:27:52	1	255	1	0
        0	2023-01-08 17:55:37	1	201	1	0
        0	2023-01-08 17:55:40	1	201	1	0
      123	2023-01-08 17:55:43	1	255	1	0
      130	2023-01-08 18:23:28	1	255	1	0
      126	2023-01-08 18:28:07	1	255	1	0
      130	2023-01-08 18:29:23	1	255	1	0
       21	2023-01-08 18:45:16	1	255	1	0
      107	2023-01-08 18:51:02	1	255	1	0
      129	2023-01-08 18:55:19	1	255	1	0
       23	2023-01-08 19:09:06	1	255	1	0
        9	2023-01-08 19:33:08	1	255	1	0
        0	2023-01-08 19:33:09	1	201	1	0
        0	2023-01-08 19:33:11	1	201	1	0
        9	2023-01-08 19:33:13	1	255	1	0
        0	2023-01-08 19:39:35	1	201	1	0
        0	2023-01-08 19:39:39	1	201	1	0
        0	2023-01-08 19:39:41	1	201	1	0
       44	2023-01-08 19:39:45	1	255	1	0
      127	2023-01-08 19:44:59	1	255	1	0
        0	2023-01-08 19:48:35	1	201	1	0
        0	2023-01-08 19:48:36	1	201	1	0
        0	2023-01-08 19:48:41	1	201	1	0
       58	2023-01-08 19:48:47	1	255	1	0
      128	2023-01-08 19:59:33	1	255	1	0
       82	2023-01-08 20:00:18	1	255	1	0
       54	2023-01-08 20:02:39	1	255	1	0
       80	2023-01-08 20:07:16	1	255	1	0
       87	2023-01-08 20:12:16	1	255	1	0
       48	2023-01-08 20:39:07	1	255	1	0
       56	2023-01-09 06:22:04	1	255	1	0
       47	2023-01-09 06:24:23	1	255	1	0
      135	2023-01-09 06:25:29	1	255	1	0
       16	2023-01-09 06:26:53	1	255	1	0
      128	2023-01-09 06:37:02	1	255	1	0
       57	2023-01-09 06:41:34	1	255	1	0
      121	2023-01-09 06:42:23	1	255	1	0
       87	2023-01-09 06:44:46	1	255	1	0
      107	2023-01-09 06:45:19	1	255	1	0
      130	2023-01-09 06:47:44	1	255	1	0
      130	2023-01-09 06:47:46	1	255	1	0
        0	2023-01-09 06:50:36	1	201	1	0
      126	2023-01-09 06:50:39	1	255	1	0
      117	2023-01-09 06:54:16	1	255	1	0
       20	2023-01-09 06:54:32	1	255	1	0
      129	2023-01-09 07:06:18	1	255	1	0
        0	2023-01-09 07:16:50	1	201	1	0
        0	2023-01-09 07:16:52	1	201	1	0
      123	2023-01-09 07:16:55	1	255	1	0
       94	2023-01-09 07:28:02	1	255	1	0
       58	2023-01-09 07:38:39	1	255	1	0
       23	2023-01-09 07:55:24	1	255	1	0
      134	2023-01-09 07:58:25	1	255	1	0
       54	2023-01-09 08:07:56	1	255	1	0
       82	2023-01-09 12:12:47	1	255	1	0
       48	2023-01-09 13:33:04	1	255	1	0
      134	2023-01-09 17:27:14	1	255	1	0
      134	2023-01-09 17:27:15	1	255	1	0
      123	2023-01-09 17:43:55	1	255	1	0
      104	2023-01-09 18:10:45	1	255	1	0
       57	2023-01-09 18:13:26	1	255	1	0
       82	2023-01-09 18:25:53	1	255	1	0
       20	2023-01-09 18:26:25	1	255	1	0
       42	2023-01-09 18:32:17	1	255	1	0
       47	2023-01-09 18:33:48	1	255	1	0
      113	2023-01-09 18:41:26	1	255	1	0
        0	2023-01-09 18:53:35	1	201	1	0
        0	2023-01-09 18:53:37	1	201	1	0
      136	2023-01-09 18:53:42	1	255	1	0
       78	2023-01-09 18:59:26	1	255	1	0
       58	2023-01-09 19:05:53	1	255	1	0
       87	2023-01-09 19:05:59	1	255	1	0
      128	2023-01-09 19:10:59	1	255	1	0
      135	2023-01-09 19:29:47	1	255	1	0
       56	2023-01-09 19:36:43	1	255	1	0
      121	2023-01-09 19:43:33	1	255	1	0
      117	2023-01-09 19:46:10	1	255	1	0
       48	2023-01-09 20:33:09	1	255	1	0
       45	2023-01-10 06:25:48	1	255	1	0
      115	2023-01-10 06:32:14	1	255	1	0
      135	2023-01-10 06:32:44	1	255	1	0
      101	2023-01-10 06:37:16	1	255	1	0
        0	2023-01-10 06:38:54	1	201	1	0
       82	2023-01-10 06:38:56	1	255	1	0
       20	2023-01-10 06:40:30	1	255	1	0
      121	2023-01-10 06:41:59	1	255	1	0
      113	2023-01-10 06:42:13	1	255	1	0
       16	2023-01-10 06:47:16	1	255	1	0
      131	2023-01-10 06:48:48	1	255	1	0
      104	2023-01-10 06:48:54	1	255	1	0
        9	2023-01-10 06:58:03	1	255	1	0
       96	2023-01-10 07:00:47	1	255	1	0
      125	2023-01-10 07:09:27	1	255	1	0
       38	2023-01-10 07:20:27	1	255	1	0
       78	2023-01-10 07:37:34	1	255	1	0
        0	2023-01-10 07:39:04	1	201	1	0
      123	2023-01-10 07:39:07	1	255	1	0
      133	2023-01-10 08:25:46	1	255	1	0
       48	2023-01-10 13:55:17	1	255	1	0
      101	2023-01-10 16:08:30	1	255	1	0
      115	2023-01-10 16:10:43	1	255	1	0
       17	2023-01-10 17:12:33	1	255	1	0
        0	2023-01-10 18:06:46	1	201	1	0
      123	2023-01-10 18:06:50	1	255	1	0
      113	2023-01-10 18:11:09	1	255	1	0
       42	2023-01-10 18:24:17	1	255	1	0
       20	2023-01-10 18:33:36	1	255	1	0
        0	2023-01-10 18:36:29	1	201	1	0
      122	2023-01-10 18:36:31	1	255	1	0
       55	2023-01-10 18:43:39	1	255	1	0
       47	2023-01-10 18:44:44	1	255	1	0
       45	2023-01-10 18:46:37	1	255	1	0
      104	2023-01-10 18:51:10	1	255	1	0
      117	2023-01-10 18:52:26	1	255	1	0
       56	2023-01-10 18:52:48	1	255	1	0
        0	2023-01-10 18:56:30	1	201	1	0
        9	2023-01-10 18:56:33	1	255	1	0
      131	2023-01-10 18:56:38	1	255	1	0
       96	2023-01-10 19:09:37	1	255	1	0
       78	2023-01-10 19:12:16	1	255	1	0
       38	2023-01-10 19:24:58	1	255	1	0
      121	2023-01-10 19:30:44	1	255	1	0
       43	2023-01-10 19:42:50	1	255	1	0
      127	2023-01-10 19:47:17	1	255	1	0
       82	2023-01-10 19:51:37	1	255	1	0
       48	2023-01-10 20:09:24	1	255	1	0
      135	2023-01-10 20:31:58	1	255	1	0
       45	2023-01-11 06:15:11	1	255	1	0
       47	2023-01-11 06:27:19	1	255	1	0
      101	2023-01-11 06:31:12	1	255	1	0
        0	2023-01-11 06:34:58	1	201	1	0
       21	2023-01-11 06:35:04	1	255	1	0
      124	2023-01-11 06:41:16	1	255	1	0
       44	2023-01-11 06:43:42	1	255	1	0
        0	2023-01-11 06:46:36	1	201	1	0
      123	2023-01-11 06:46:38	1	255	1	0
      131	2023-01-11 06:51:27	1	255	1	0
      125	2023-01-11 06:51:37	1	255	1	0
       96	2023-01-11 06:56:58	1	255	1	0
        0	2023-01-11 06:59:44	1	201	1	0
      133	2023-01-11 06:59:52	1	255	1	0
       28	2023-01-11 07:08:07	1	255	1	0
      134	2023-01-11 07:16:01	1	255	1	0
       42	2023-01-11 07:18:56	1	255	1	0
       80	2023-01-11 07:23:50	1	255	1	0
       56	2023-01-11 07:26:15	1	255	1	0
      104	2023-01-11 07:38:36	1	255	1	0
       43	2023-01-11 07:41:49	1	255	1	0
      117	2023-01-11 07:55:36	1	255	1	0
       78	2023-01-11 08:02:43	1	255	1	0
      115	2023-01-11 08:05:12	1	255	1	0
       48	2023-01-11 12:39:01	1	255	1	0
      101	2023-01-11 16:06:13	1	255	1	0
      115	2023-01-11 16:24:26	1	255	1	0
       17	2023-01-11 17:12:11	1	255	1	0
      134	2023-01-11 17:46:53	1	255	1	0
      122	2023-01-11 18:11:14	1	255	1	0
       47	2023-01-11 18:21:22	1	255	1	0
      124	2023-01-11 18:39:44	1	255	1	0
        0	2023-01-11 18:40:20	1	201	1	0
        0	2023-01-11 18:40:26	1	201	1	0
       21	2023-01-11 18:41:12	1	255	1	0
        0	2023-01-11 18:43:14	1	201	1	0
        0	2023-01-11 18:43:18	1	201	1	0
       28	2023-01-11 18:43:24	1	255	1	0
      136	2023-01-11 19:01:23	1	255	1	0
       80	2023-01-11 19:03:48	1	255	1	0
       45	2023-01-11 19:05:51	1	255	1	0
       96	2023-01-11 19:06:52	1	255	1	0
      131	2023-01-11 19:06:58	1	255	1	0
       78	2023-01-11 19:10:57	1	255	1	0
        0	2023-01-11 20:06:53	1	201	1	0
       44	2023-01-11 20:06:59	1	255	1	0
       43	2023-01-11 20:22:34	1	255	1	0
       48	2023-01-11 20:47:34	1	255	1	0
      133	2023-01-11 21:04:23	1	255	1	0
      125	2023-01-12 04:38:37	1	255	1	0
       96	2023-01-12 05:08:05	1	255	1	0
        0	2023-01-12 06:14:53	1	201	1	0
       44	2023-01-12 06:14:56	1	255	1	0
       47	2023-01-12 06:22:26	1	255	1	0
      101	2023-01-12 06:28:14	1	255	1	0
      131	2023-01-12 06:45:51	1	255	1	0
      107	2023-01-12 06:51:51	1	255	1	0
      121	2023-01-12 06:54:57	1	255	1	0
      115	2023-01-12 06:57:12	1	255	1	0
       43	2023-01-12 07:09:43	1	255	1	0
      133	2023-01-12 07:10:16	1	255	1	0
       78	2023-01-12 07:29:06	1	255	1	0
      134	2023-01-12 07:29:27	1	255	1	0
       27	2023-01-12 08:18:35	1	255	1	0
       48	2023-01-12 13:33:45	1	255	1	0
      115	2023-01-12 16:55:29	1	255	1	0
      101	2023-01-12 17:23:27	1	255	1	0
      122	2023-01-12 18:20:58	1	255	1	0
      126	2023-01-12 18:34:12	1	255	1	0
       42	2023-01-12 18:41:33	1	255	1	0
       42	2023-01-12 18:41:34	1	255	1	0
        0	2023-01-12 18:48:17	1	201	1	0
       56	2023-01-12 18:48:19	1	255	1	0
      107	2023-01-12 18:51:50	1	255	1	0
        0	2023-01-12 19:06:46	1	201	1	0
        0	2023-01-12 19:06:55	1	201	1	0
       23	2023-01-12 19:07:00	1	255	1	0
      129	2023-01-12 19:10:09	1	255	1	0
       28	2023-01-12 19:23:58	1	255	1	0
        0	2023-01-12 19:24:15	1	201	1	0
       94	2023-01-12 19:24:19	1	255	1	0
       44	2023-01-12 19:42:28	1	255	1	0
       44	2023-01-12 19:42:30	1	255	1	0
       43	2023-01-12 19:42:33	1	255	1	0
      130	2023-01-12 20:17:01	1	255	1	0
       48	2023-01-12 20:17:10	1	255	1	0
      133	2023-01-12 20:18:32	1	255	1	0
      100	2023-01-12 20:20:47	1	255	1	0
        0	2023-01-12 20:30:31	1	201	1	0
        0	2023-01-12 20:30:32	1	201	1	0
      125	2023-01-12 20:30:35	1	255	1	0
      131	2023-01-12 20:31:37	1	255	1	0
       96	2023-01-12 20:31:50	1	255	1	0
       44	2023-01-13 06:23:37	1	255	1	0
      101	2023-01-13 06:25:34	1	255	1	0
       87	2023-01-13 06:31:11	1	255	1	0
       82	2023-01-13 06:34:08	1	255	1	0
      107	2023-01-13 06:34:15	1	255	1	0
        0	2023-01-13 06:40:34	1	201	1	0
       21	2023-01-13 06:40:36	1	255	1	0
       21	2023-01-13 06:40:42	1	255	1	0
        0	2023-01-13 06:40:55	1	201	1	0
      115	2023-01-13 06:49:34	1	255	1	0
        0	2023-01-13 07:01:26	1	201	1	0
      133	2023-01-13 07:01:33	1	255	1	0
       42	2023-01-13 07:03:54	1	255	1	0
       58	2023-01-13 07:04:26	1	255	1	0
       10	2023-01-13 07:04:38	1	255	1	0
       56	2023-01-13 07:23:46	1	255	1	0
       94	2023-01-13 07:25:09	1	255	1	0
       43	2023-01-13 07:35:11	1	255	1	0
      134	2023-01-13 07:36:37	1	255	1	0
        0	2023-01-13 07:59:11	1	201	1	0
      125	2023-01-13 07:59:19	1	255	1	0
      115	2023-01-13 16:29:21	1	255	1	0
        0	2023-01-13 18:07:25	1	201	1	0
      107	2023-01-13 18:07:31	1	255	1	0
       57	2023-01-13 18:09:58	1	255	1	0
        0	2023-01-13 18:10:26	1	201	1	0
      101	2023-01-13 18:10:28	1	255	1	0
        0	2023-01-13 18:23:36	1	201	1	0
        0	2023-01-13 18:23:40	1	201	1	0
      123	2023-01-13 18:23:46	1	255	1	0
      126	2023-01-13 18:50:23	1	255	1	0
       21	2023-01-13 18:58:53	1	255	1	0
       28	2023-01-13 18:59:37	1	255	1	0
       23	2023-01-13 19:03:11	1	255	1	0
       44	2023-01-13 19:06:01	1	255	1	0
        0	2023-01-13 19:11:09	1	201	1	0
       80	2023-01-13 19:11:11	1	255	1	0
       82	2023-01-13 19:12:06	1	255	1	0
       43	2023-01-13 19:55:02	1	255	1	0
      134	2023-01-13 19:58:34	1	255	1	0
      125	2023-01-13 20:07:40	1	255	1	0
       58	2023-01-13 20:07:45	1	255	1	0
      130	2023-01-13 20:23:40	1	255	1	0
        0	2023-01-13 20:23:57	1	201	1	0
      133	2023-01-13 20:24:05	1	255	1	0
        0	2023-01-13 21:07:56	1	201	1	0
       87	2023-01-13 21:07:58	1	255	1	0
       58	2023-01-14 05:00:46	1	255	1	0
        0	2023-01-14 05:02:05	1	201	1	0
        0	2023-01-14 05:02:07	1	201	1	0
        0	2023-01-14 05:02:10	1	201	1	0
       87	2023-01-14 05:02:15	1	255	1	0
      128	2023-01-14 06:09:00	1	255	1	0
       45	2023-01-14 06:23:56	1	255	1	0
      121	2023-01-14 06:35:49	1	255	1	0
       47	2023-01-14 06:37:55	1	255	1	0
      126	2023-01-14 06:41:32	1	255	1	0
      126	2023-01-14 06:41:33	1	255	1	0
      107	2023-01-14 06:44:54	1	255	1	0
      129	2023-01-14 06:57:31	1	255	1	0
       40	2023-01-14 07:15:10	1	255	1	0
        9	2023-01-14 07:26:53	1	255	1	0
       43	2023-01-14 07:33:28	1	255	1	0
       94	2023-01-14 07:52:24	1	255	1	0
       20	2023-01-14 07:55:10	1	255	1	0
       27	2023-01-14 08:33:01	1	255	1	0
      135	2023-01-14 09:17:18	1	255	1	0
       45	2023-01-14 16:32:54	1	255	1	0
       47	2023-01-14 18:16:34	1	255	1	0
       57	2023-01-14 18:18:30	1	255	1	0
        0	2023-01-14 18:37:57	1	201	1	0
        0	2023-01-14 18:38:00	1	201	1	0
      136	2023-01-14 18:38:07	1	255	1	0
      127	2023-01-14 18:38:09	1	255	1	0
       28	2023-01-14 18:56:16	1	255	1	0
      104	2023-01-14 19:02:03	1	255	1	0
      121	2023-01-14 19:06:16	1	255	1	0
      128	2023-01-14 19:08:31	1	255	1	0
       20	2023-01-14 19:09:39	1	255	1	0
      129	2023-01-14 19:14:12	1	255	1	0
       58	2023-01-14 19:16:22	1	255	1	0
       87	2023-01-14 19:16:34	1	255	1	0
        0	2023-01-14 19:53:58	1	201	1	0
       54	2023-01-14 19:54:00	1	255	1	0
       27	2023-01-14 20:07:10	1	255	1	0
      123	2023-01-15 06:22:39	1	255	1	0
       47	2023-01-15 06:27:58	1	255	1	0
       57	2023-01-15 06:33:41	1	255	1	0
       87	2023-01-15 06:40:56	1	255	1	0
      113	2023-01-15 06:42:07	1	255	1	0
      117	2023-01-15 06:45:06	1	255	1	0
      131	2023-01-15 06:47:10	1	255	1	0
        0	2023-01-15 07:22:47	1	201	1	0
        9	2023-01-15 07:22:50	1	255	1	0
      128	2023-01-15 07:25:52	1	255	1	0
       58	2023-01-15 07:27:04	1	255	1	0
       20	2023-01-15 07:28:33	1	255	1	0
      104	2023-01-15 07:34:44	1	255	1	0
      127	2023-01-15 07:50:08	1	255	1	0
       48	2023-01-15 08:03:25	1	255	1	0
       54	2023-01-15 08:38:45	1	255	1	0
       82	2023-01-15 08:41:16	1	255	1	0
       40	2023-01-15 13:51:37	1	255	1	0
        9	2023-01-15 17:01:42	1	255	1	0
       57	2023-01-15 18:04:12	1	255	1	0
        0	2023-01-15 18:10:58	1	201	1	0
        0	2023-01-15 18:11:03	1	201	1	0
      123	2023-01-15 18:11:05	1	255	1	0
        0	2023-01-15 18:30:02	1	201	1	0
       45	2023-01-15 18:30:04	1	255	1	0
       20	2023-01-15 18:35:23	1	255	1	0
       47	2023-01-15 18:36:11	1	255	1	0
      104	2023-01-15 18:53:03	1	255	1	0
      133	2023-01-15 18:57:02	1	255	1	0
       82	2023-01-15 19:00:39	1	255	1	0
      128	2023-01-15 19:03:36	1	255	1	0
       58	2023-01-15 19:06:46	1	255	1	0
       87	2023-01-15 19:06:55	1	255	1	0
       78	2023-01-15 19:16:25	1	255	1	0
       54	2023-01-15 19:38:08	1	255	1	0
       87	2023-01-16 05:52:00	1	255	1	0
       47	2023-01-16 06:25:29	1	255	1	0
      128	2023-01-16 06:27:14	1	255	1	0
      101	2023-01-16 06:29:44	1	255	1	0
      125	2023-01-16 06:32:10	1	255	1	0
      126	2023-01-16 06:35:49	1	255	1	0
       45	2023-01-16 06:37:32	1	255	1	0
       21	2023-01-16 06:52:03	1	255	1	0
        9	2023-01-16 06:52:10	1	255	1	0
       96	2023-01-16 06:53:33	1	255	1	0
      127	2023-01-16 06:53:42	1	255	1	0
       42	2023-01-16 06:58:20	1	255	1	0
       42	2023-01-16 06:58:21	1	255	1	0
      107	2023-01-16 07:05:56	1	255	1	0
      113	2023-01-16 07:10:06	1	255	1	0
       17	2023-01-16 07:19:49	1	255	1	0
        0	2023-01-16 07:24:12	1	201	1	0
        0	2023-01-16 07:24:15	1	201	1	0
      104	2023-01-16 07:24:17	1	255	1	0
       78	2023-01-16 07:54:21	1	255	1	0
       54	2023-01-16 08:09:02	1	255	1	0
       27	2023-01-16 08:38:02	1	255	1	0
      133	2023-01-16 08:57:31	1	255	1	0
       48	2023-01-16 12:59:04	1	255	1	0
      101	2023-01-16 16:07:02	1	255	1	0
      126	2023-01-16 16:31:49	1	255	1	0
       15	2023-01-16 17:06:15	1	255	1	0
      125	2023-01-16 17:13:44	1	255	1	0
      122	2023-01-16 18:12:39	1	255	1	0
       45	2023-01-16 18:17:04	1	255	1	0
      121	2023-01-16 18:34:02	1	255	1	0
        0	2023-01-16 18:34:34	1	201	1	0
      136	2023-01-16 18:34:37	1	255	1	0
       44	2023-01-16 18:34:44	1	255	1	0
       47	2023-01-16 18:45:29	1	255	1	0
       21	2023-01-16 18:47:53	1	255	1	0
      117	2023-01-16 18:51:38	1	255	1	0
       96	2023-01-16 19:10:52	1	255	1	0
      128	2023-01-16 19:11:06	1	255	1	0
       87	2023-01-16 19:11:15	1	255	1	0
       96	2023-01-16 19:26:06	1	255	1	0
       87	2023-01-16 19:26:12	1	255	1	0
      127	2023-01-16 19:29:35	1	255	1	0
       54	2023-01-16 20:04:45	1	255	1	0
       48	2023-01-16 21:02:22	1	255	1	0
        0	2023-01-17 06:30:21	1	201	1	0
      101	2023-01-17 06:30:24	1	255	1	0
      115	2023-01-17 06:39:51	1	255	1	0
       56	2023-01-17 06:43:16	1	255	1	0
      107	2023-01-17 06:44:54	1	255	1	0
       45	2023-01-17 06:45:03	1	255	1	0
       82	2023-01-17 06:49:21	1	255	1	0
       21	2023-01-17 06:49:28	1	255	1	0
      128	2023-01-17 06:49:34	1	255	1	0
      126	2023-01-17 06:52:55	1	255	1	0
       44	2023-01-17 06:56:27	1	255	1	0
      100	2023-01-17 06:58:43	1	255	1	0
       42	2023-01-17 07:06:53	1	255	1	0
        9	2023-01-17 07:10:34	1	255	1	0
      136	2023-01-17 07:13:49	1	255	1	0
      121	2023-01-17 07:19:00	1	255	1	0
      117	2023-01-17 07:57:21	1	255	1	0
       54	2023-01-17 08:00:22	1	255	1	0
       78	2023-01-17 08:02:27	1	255	1	0
       15	2023-01-17 08:45:23	1	255	1	0
       96	2023-01-17 08:50:33	1	255	1	0
      125	2023-01-17 09:11:27	1	255	1	0
       87	2023-01-17 09:21:41	1	255	1	0
       48	2023-01-17 13:29:13	1	255	1	0
       15	2023-01-17 15:06:07	1	255	1	0
      101	2023-01-17 16:06:35	1	255	1	0
      115	2023-01-17 16:13:02	1	255	1	0
      122	2023-01-17 18:19:15	1	255	1	0
        9	2023-01-17 18:25:00	1	255	1	0
      126	2023-01-17 18:34:42	1	255	1	0
      117	2023-01-17 18:39:34	1	255	1	0
      121	2023-01-17 18:43:11	1	255	1	0
        0	2023-01-17 18:43:52	1	201	1	0
      130	2023-01-17 18:44:09	1	255	1	0
       44	2023-01-17 18:45:38	1	255	1	0
       21	2023-01-17 18:52:07	1	255	1	0
      128	2023-01-17 19:01:01	1	255	1	0
       56	2023-01-17 19:01:41	1	255	1	0
       23	2023-01-17 19:08:44	1	255	1	0
       78	2023-01-17 19:11:04	1	255	1	0
       28	2023-01-17 19:18:31	1	255	1	0
       82	2023-01-17 19:40:45	1	255	1	0
       48	2023-01-17 21:01:39	1	255	1	0
      129	2023-01-18 06:24:30	1	255	1	0
      113	2023-01-18 06:31:29	1	255	1	0
        0	2023-01-18 06:38:36	1	201	1	0
      101	2023-01-18 06:38:39	1	255	1	0
        0	2023-01-18 06:43:20	1	201	1	0
       44	2023-01-18 06:43:23	1	255	1	0
      126	2023-01-18 06:49:50	1	255	1	0
      127	2023-01-18 06:53:08	1	255	1	0
       96	2023-01-18 07:00:11	1	255	1	0
       82	2023-01-18 07:01:39	1	255	1	0
      130	2023-01-18 07:02:15	1	255	1	0
      125	2023-01-18 07:05:45	1	255	1	0
       38	2023-01-18 07:08:55	1	255	1	0
      134	2023-01-18 07:34:38	1	255	1	0
        0	2023-01-18 07:34:39	1	201	1	0
      134	2023-01-18 07:34:45	1	255	1	0
        0	2023-01-18 07:36:06	1	201	1	0
        0	2023-01-18 07:36:08	1	201	1	0
        0	2023-01-18 07:36:09	1	201	1	0
        0	2023-01-18 07:36:11	1	201	1	0
       54	2023-01-18 07:36:14	1	255	1	0
      117	2023-01-18 07:50:17	1	255	1	0
      117	2023-01-18 07:50:18	1	255	1	0
       78	2023-01-18 07:50:19	1	255	1	0
        0	2023-01-18 07:56:37	1	201	1	0
       23	2023-01-18 07:56:40	1	255	1	0
       15	2023-01-18 07:57:05	1	255	1	0
      122	2023-01-18 08:14:22	1	255	1	0
       17	2023-01-18 08:24:27	1	255	1	0
       48	2023-01-18 13:34:47	1	255	1	0
      115	2023-01-18 16:05:21	1	255	1	0
      101	2023-01-18 16:21:25	1	255	1	0
      125	2023-01-18 17:08:08	1	255	1	0
      134	2023-01-18 17:23:46	1	255	1	0
      134	2023-01-18 17:23:47	1	255	1	0
      122	2023-01-18 18:28:09	1	255	1	0
      130	2023-01-18 18:29:45	1	255	1	0
      104	2023-01-18 18:30:26	1	255	1	0
      135	2023-01-18 18:35:01	1	255	1	0
       23	2023-01-18 18:55:05	1	255	1	0
        0	2023-01-18 18:56:16	1	201	1	0
      126	2023-01-18 18:56:21	1	255	1	0
      113	2023-01-18 19:00:05	1	255	1	0
       96	2023-01-18 19:05:50	1	255	1	0
       94	2023-01-18 19:09:00	1	255	1	0
       40	2023-01-18 19:13:11	1	255	1	0
        0	2023-01-18 19:14:19	1	201	1	0
      127	2023-01-18 19:14:21	1	255	1	0
       82	2023-01-18 19:43:10	1	255	1	0
       43	2023-01-18 19:52:55	1	255	1	0
       48	2023-01-18 20:36:15	1	255	1	0
        0	2023-01-19 06:27:25	1	201	1	0
       87	2023-01-19 06:27:27	1	255	1	0
      101	2023-01-19 06:32:07	1	255	1	0
       45	2023-01-19 06:33:46	1	255	1	0
      133	2023-01-19 06:35:18	1	255	1	0
       20	2023-01-19 06:36:10	1	255	1	0
      128	2023-01-19 06:36:48	1	255	1	0
      121	2023-01-19 06:39:02	1	255	1	0
       21	2023-01-19 06:43:24	1	255	1	0
        0	2023-01-19 06:45:31	1	201	1	0
       39	2023-01-19 06:45:33	1	255	1	0
      115	2023-01-19 06:46:06	1	255	1	0
      113	2023-01-19 06:46:43	1	255	1	0
       58	2023-01-19 06:57:27	1	255	1	0
       42	2023-01-19 06:59:51	1	255	1	0
      134	2023-01-19 07:02:25	1	255	1	0
       28	2023-01-19 07:02:50	1	255	1	0
        0	2023-01-19 07:03:47	1	201	1	0
        0	2023-01-19 07:03:56	1	201	1	0
      135	2023-01-19 07:04:01	1	255	1	0
       96	2023-01-19 07:14:50	1	255	1	0
      125	2023-01-19 07:14:56	1	255	1	0
       94	2023-01-19 07:29:01	1	255	1	0
      130	2023-01-19 07:35:10	1	255	1	0
      104	2023-01-19 07:42:55	1	255	1	0
       23	2023-01-19 07:57:23	1	255	1	0
       23	2023-01-19 08:02:59	1	255	1	0
       48	2023-01-19 12:53:27	1	255	1	0
      115	2023-01-19 16:33:52	1	255	1	0
      134	2023-01-19 16:46:51	1	255	1	0
      101	2023-01-19 17:24:13	1	255	1	0
        0	2023-01-19 18:01:16	1	201	1	0
        0	2023-01-19 18:01:18	1	201	1	0
        0	2023-01-19 18:01:21	1	201	1	0
        0	2023-01-19 18:01:24	1	201	1	0
        0	2023-01-19 18:01:28	1	201	1	0
      123	2023-01-19 18:01:31	1	255	1	0
        0	2023-01-19 18:09:07	1	201	1	0
       15	2023-01-19 18:09:10	1	255	1	0
       47	2023-01-19 18:24:08	1	255	1	0
      104	2023-01-19 18:38:16	1	255	1	0
       20	2023-01-19 18:47:49	1	255	1	0
       21	2023-01-19 18:48:09	1	255	1	0
       45	2023-01-19 18:49:31	1	255	1	0
       80	2023-01-19 18:53:18	1	255	1	0
      127	2023-01-19 18:53:57	1	255	1	0
        0	2023-01-19 18:55:17	1	201	1	0
        0	2023-01-19 18:55:19	1	201	1	0
      135	2023-01-19 18:55:21	1	255	1	0
      113	2023-01-19 19:01:38	1	255	1	0
        0	2023-01-19 19:06:46	1	201	1	0
        0	2023-01-19 19:06:47	1	201	1	0
       58	2023-01-19 19:06:52	1	255	1	0
       94	2023-01-19 19:08:35	1	255	1	0
      128	2023-01-19 19:10:27	1	255	1	0
        0	2023-01-19 19:10:29	1	201	1	0
       39	2023-01-19 19:10:31	1	255	1	0
       96	2023-01-19 19:17:02	1	255	1	0
      125	2023-01-19 19:17:13	1	255	1	0
        0	2023-01-19 19:17:29	1	201	1	0
       87	2023-01-19 19:17:35	1	255	1	0
       43	2023-01-19 19:22:26	1	255	1	0
        0	2023-01-19 20:01:36	1	201	1	0
      133	2023-01-19 20:01:43	1	255	1	0
       48	2023-01-19 20:27:11	1	255	1	0
       56	2023-01-20 06:22:41	1	255	1	0
       45	2023-01-20 06:25:35	1	255	1	0
       87	2023-01-20 06:28:34	1	255	1	0
      101	2023-01-20 06:29:00	1	255	1	0
      134	2023-01-20 06:34:35	1	255	1	0
       47	2023-01-20 06:34:56	1	255	1	0
      133	2023-01-20 06:38:41	1	255	1	0
       20	2023-01-20 06:40:41	1	255	1	0
        0	2023-01-20 06:44:23	1	201	1	0
        0	2023-01-20 06:44:26	1	201	1	0
        0	2023-01-20 06:44:30	1	201	1	0
        0	2023-01-20 06:44:33	1	201	1	0
        0	2023-01-20 06:44:35	1	201	1	0
        0	2023-01-20 06:44:39	1	201	1	0
        0	2023-01-20 06:44:41	1	201	1	0
        0	2023-01-20 06:44:42	1	201	1	0
      123	2023-01-20 06:44:46	1	255	1	0
      131	2023-01-20 06:45:47	1	255	1	0
      131	2023-01-20 06:45:48	1	255	1	0
        0	2023-01-20 06:47:03	1	201	1	0
      136	2023-01-20 06:47:06	1	255	1	0
       10	2023-01-20 07:05:16	1	255	1	0
      113	2023-01-20 07:06:28	1	255	1	0
      125	2023-01-20 07:06:34	1	255	1	0
      127	2023-01-20 07:09:13	1	255	1	0
      121	2023-01-20 07:15:12	1	255	1	0
       38	2023-01-20 07:18:55	1	255	1	0
       43	2023-01-20 07:31:48	1	255	1	0
      104	2023-01-20 07:36:22	1	255	1	0
       94	2023-01-20 07:43:54	1	255	1	0
       94	2023-01-20 07:44:49	1	255	1	0
      135	2023-01-20 08:10:11	1	255	1	0
        0	2023-01-20 17:18:12	1	201	1	0
      101	2023-01-20 17:18:14	1	255	1	0
        0	2023-01-20 18:05:33	1	201	1	0
        0	2023-01-20 18:05:36	1	201	1	0
        0	2023-01-20 18:05:41	1	201	1	0
        0	2023-01-20 18:05:44	1	201	1	0
      123	2023-01-20 18:05:50	1	255	1	0
       47	2023-01-20 18:22:00	1	255	1	0
      135	2023-01-20 18:25:57	1	255	1	0
       57	2023-01-20 18:29:16	1	255	1	0
      129	2023-01-20 18:40:21	1	255	1	0
        0	2023-01-20 18:42:52	1	201	1	0
        0	2023-01-20 18:42:54	1	201	1	0
      127	2023-01-20 18:42:59	1	255	1	0
       45	2023-01-20 18:48:29	1	255	1	0
      100	2023-01-20 18:50:06	1	255	1	0
      100	2023-01-20 18:50:07	1	255	1	0
      134	2023-01-20 18:59:07	1	255	1	0
      104	2023-01-20 19:01:35	1	255	1	0
       20	2023-01-20 19:08:04	1	255	1	0
       38	2023-01-20 19:12:41	1	255	1	0
       56	2023-01-20 19:12:54	1	255	1	0
      113	2023-01-20 19:15:42	1	255	1	0
      131	2023-01-20 19:26:55	1	255	1	0
        0	2023-01-20 19:26:59	1	201	1	0
      125	2023-01-20 19:27:03	1	255	1	0
        0	2023-01-20 19:27:38	1	201	1	0
       87	2023-01-20 19:27:41	1	255	1	0
      133	2023-01-20 19:30:47	1	255	1	0
       43	2023-01-20 20:03:43	1	255	1	0
        0	2023-01-21 05:29:28	1	201	1	0
        0	2023-01-21 05:29:30	1	201	1	0
       58	2023-01-21 05:29:35	1	255	1	0
       87	2023-01-21 05:40:26	1	255	1	0
       57	2023-01-21 06:18:15	1	255	1	0
      123	2023-01-21 06:20:20	1	255	1	0
       47	2023-01-21 06:25:20	1	255	1	0
      131	2023-01-21 06:30:04	1	255	1	0
       42	2023-01-21 06:37:03	1	255	1	0
      133	2023-01-21 06:49:30	1	255	1	0
       23	2023-01-21 06:57:40	1	255	1	0
      135	2023-01-21 06:58:48	1	255	1	0
       80	2023-01-21 07:05:44	1	255	1	0
       43	2023-01-21 07:32:33	1	255	1	0
      127	2023-01-21 07:35:21	1	255	1	0
       94	2023-01-21 07:44:02	1	255	1	0
      104	2023-01-21 07:55:14	1	255	1	0
       82	2023-01-21 08:10:49	1	255	1	0
      100	2023-01-21 08:35:57	1	255	1	0
        0	2023-01-21 16:58:57	1	201	1	0
        9	2023-01-21 16:58:59	1	255	1	0
        0	2023-01-21 17:54:42	1	201	1	0
        0	2023-01-21 17:54:45	1	201	1	0
        0	2023-01-21 17:54:49	1	201	1	0
        0	2023-01-21 17:54:52	1	201	1	0
        0	2023-01-21 17:55:34	1	201	1	0
      123	2023-01-21 17:55:38	1	255	1	0
       57	2023-01-21 18:09:29	1	255	1	0
      126	2023-01-21 18:20:31	1	255	1	0
        0	2023-01-21 18:22:22	1	201	1	0
       44	2023-01-21 18:22:24	1	255	1	0
       28	2023-01-21 18:54:52	1	255	1	0
        0	2023-01-21 18:57:36	1	201	1	0
        0	2023-01-21 18:57:37	1	201	1	0
       80	2023-01-21 18:57:39	1	255	1	0
       78	2023-01-21 19:03:43	1	255	1	0
        0	2023-01-21 19:12:18	1	201	1	0
       58	2023-01-21 19:12:21	1	255	1	0
      131	2023-01-21 19:12:24	1	255	1	0
       87	2023-01-21 19:12:31	1	255	1	0
      117	2023-01-21 19:39:55	1	255	1	0
      133	2023-01-21 19:44:41	1	255	1	0
       82	2023-01-21 19:45:35	1	255	1	0
       43	2023-01-21 19:47:04	1	255	1	0
       23	2023-01-21 19:55:33	1	255	1	0
       80	2023-01-22 06:33:49	1	255	1	0
       42	2023-01-22 06:41:31	1	255	1	0
      131	2023-01-22 06:42:45	1	255	1	0
       44	2023-01-22 06:53:05	1	255	1	0
      126	2023-01-22 06:54:06	1	255	1	0
      130	2023-01-22 06:58:24	1	255	1	0
       58	2023-01-22 06:59:24	1	255	1	0
        0	2023-01-22 07:03:06	1	201	1	0
       87	2023-01-22 07:03:11	1	255	1	0
        9	2023-01-22 07:16:18	1	255	1	0
        0	2023-01-22 07:16:45	1	201	1	0
        0	2023-01-22 07:16:46	1	201	1	0
      123	2023-01-22 07:16:48	1	255	1	0
      117	2023-01-22 07:39:26	1	255	1	0
      117	2023-01-22 07:39:27	1	255	1	0
       28	2023-01-22 07:39:31	1	255	1	0
       78	2023-01-22 08:13:01	1	255	1	0
       43	2023-01-22 09:43:15	1	255	1	0
        0	2023-01-22 14:26:08	1	201	1	0
       48	2023-01-22 14:26:11	1	255	1	0
       40	2023-01-22 17:08:53	1	255	1	0
      117	2023-01-22 18:10:15	1	255	1	0
        0	2023-01-22 18:21:38	1	201	1	0
      122	2023-01-22 18:21:40	1	255	1	0
       44	2023-01-22 18:23:50	1	255	1	0
      126	2023-01-22 18:53:16	1	255	1	0
        0	2023-01-22 18:53:36	1	201	1	0
       28	2023-01-22 18:53:38	1	255	1	0
        0	2023-01-22 18:55:16	1	201	1	0
      136	2023-01-22 18:55:22	1	255	1	0
       80	2023-01-22 18:58:40	1	255	1	0
        0	2023-01-22 19:01:19	1	201	1	0
       78	2023-01-22 19:01:21	1	255	1	0
        0	2023-01-22 19:04:03	1	201	1	0
      130	2023-01-22 19:04:10	1	255	1	0
      130	2023-01-22 19:04:11	1	255	1	0
       58	2023-01-22 19:04:22	1	255	1	0
       58	2023-01-22 19:04:23	1	255	1	0
      131	2023-01-22 19:06:58	1	255	1	0
       23	2023-01-22 19:08:32	1	255	1	0
        0	2023-01-22 19:12:10	1	201	1	0
       87	2023-01-22 19:12:12	1	255	1	0
       48	2023-01-22 20:31:39	1	255	1	0
       45	2023-01-23 06:12:55	1	255	1	0
        0	2023-01-23 06:26:01	1	201	1	0
        0	2023-01-23 06:26:04	1	201	1	0
      101	2023-01-23 06:26:07	1	255	1	0
       87	2023-01-23 06:27:07	1	255	1	0
      128	2023-01-23 06:27:26	1	255	1	0
      121	2023-01-23 06:27:59	1	255	1	0
       47	2023-01-23 06:31:10	1	255	1	0
       45	2023-01-23 06:31:13	1	255	1	0
        9	2023-01-23 06:33:50	1	255	1	0
      113	2023-01-23 06:36:36	1	255	1	0
      126	2023-01-23 06:37:39	1	255	1	0
       82	2023-01-23 06:41:09	1	255	1	0
      133	2023-01-23 06:41:25	1	255	1	0
        0	2023-01-23 06:46:38	1	201	1	0
      130	2023-01-23 06:49:06	1	255	1	0
       20	2023-01-23 06:49:37	1	255	1	0
      129	2023-01-23 06:56:17	1	255	1	0
        0	2023-01-23 06:57:44	1	201	1	0
       44	2023-01-23 06:57:48	1	255	1	0
      125	2023-01-23 06:58:09	1	255	1	0
        0	2023-01-23 06:58:39	1	201	1	0
        0	2023-01-23 06:58:41	1	201	1	0
        0	2023-01-23 06:58:45	1	201	1	0
       58	2023-01-23 06:58:51	1	255	1	0
      136	2023-01-23 07:09:12	1	255	1	0
       38	2023-01-23 07:16:25	1	255	1	0
       54	2023-01-23 07:26:12	1	255	1	0
       15	2023-01-23 07:27:29	1	255	1	0
       78	2023-01-23 08:23:47	1	255	1	0
      117	2023-01-23 08:23:58	1	255	1	0
       23	2023-01-23 08:29:03	1	255	1	0
       48	2023-01-23 12:49:21	1	255	1	0
      101	2023-01-23 16:05:35	1	255	1	0
       15	2023-01-23 18:10:11	1	255	1	0
      122	2023-01-23 18:15:15	1	255	1	0
      125	2023-01-23 18:19:40	1	255	1	0
        0	2023-01-23 18:25:18	1	201	1	0
        0	2023-01-23 18:25:20	1	201	1	0
        0	2023-01-23 18:25:22	1	201	1	0
      135	2023-01-23 18:25:26	1	255	1	0
       45	2023-01-23 18:36:06	1	255	1	0
      129	2023-01-23 18:41:41	1	255	1	0
      104	2023-01-23 18:44:54	1	255	1	0
       20	2023-01-23 18:54:44	1	255	1	0
       78	2023-01-23 18:57:32	1	255	1	0
      113	2023-01-23 18:59:37	1	255	1	0
      128	2023-01-23 19:00:04	1	255	1	0
      121	2023-01-23 19:00:20	1	255	1	0
       58	2023-01-23 19:00:42	1	255	1	0
       87	2023-01-23 19:01:36	1	255	1	0
      117	2023-01-23 19:03:15	1	255	1	0
      117	2023-01-23 19:03:16	1	255	1	0
      133	2023-01-23 19:48:30	1	255	1	0
      130	2023-01-23 19:48:34	1	255	1	0
        0	2023-01-23 19:58:50	1	201	1	0
       54	2023-01-23 19:58:51	1	255	1	0
       48	2023-01-23 20:25:33	1	255	1	0
        0	2023-01-24 06:26:39	1	201	1	0
      101	2023-01-24 06:26:41	1	255	1	0
       47	2023-01-24 06:30:55	1	255	1	0
       93	2023-01-24 06:40:58	1	255	1	0
       20	2023-01-24 06:43:24	1	255	1	0
        0	2023-01-24 06:45:33	1	201	1	0
       21	2023-01-24 06:45:39	1	255	1	0
      113	2023-01-24 06:46:06	1	255	1	0
       96	2023-01-24 06:47:29	1	255	1	0
      115	2023-01-24 06:48:54	1	255	1	0
        0	2023-01-24 06:50:44	1	201	1	0
      127	2023-01-24 06:50:46	1	255	1	0
      128	2023-01-24 06:53:02	1	255	1	0
       32	2023-01-24 06:53:18	1	255	1	0
      134	2023-01-24 06:56:57	1	255	1	0
      104	2023-01-24 07:02:18	1	255	1	0
      135	2023-01-24 07:04:11	1	255	1	0
      125	2023-01-24 07:05:58	1	255	1	0
       15	2023-01-24 07:43:57	1	255	1	0
       54	2023-01-24 08:01:46	1	255	1	0
       78	2023-01-24 08:05:59	1	255	1	0
       48	2023-01-24 12:55:38	1	255	1	0
      101	2023-01-24 16:09:52	1	255	1	0
      115	2023-01-24 16:23:37	1	255	1	0
      134	2023-01-24 17:28:47	1	255	1	0
      122	2023-01-24 18:20:05	1	255	1	0
       45	2023-01-24 18:28:23	1	255	1	0
       47	2023-01-24 18:38:59	1	255	1	0
        0	2023-01-24 18:43:27	1	201	1	0
      130	2023-01-24 18:43:32	1	255	1	0
      104	2023-01-24 18:48:59	1	255	1	0
      135	2023-01-24 18:49:05	1	255	1	0
       21	2023-01-24 18:55:27	1	255	1	0
        0	2023-01-24 18:56:42	1	201	1	0
       23	2023-01-24 18:56:45	1	255	1	0
       20	2023-01-24 19:02:22	1	255	1	0
      113	2023-01-24 19:02:34	1	255	1	0
      125	2023-01-24 19:04:18	1	255	1	0
      128	2023-01-24 19:04:30	1	255	1	0
       96	2023-01-24 19:04:38	1	255	1	0
       38	2023-01-24 19:10:08	1	255	1	0
       94	2023-01-24 19:15:19	1	255	1	0
        0	2023-01-24 19:17:37	1	201	1	0
       39	2023-01-24 19:17:39	1	255	1	0
      127	2023-01-24 19:36:07	1	255	1	0
       54	2023-01-24 20:02:01	1	255	1	0
       48	2023-01-24 20:23:22	1	255	1	0
       32	2023-01-24 20:34:52	1	255	1	0
        0	2023-01-25 06:06:59	1	201	1	0
      123	2023-01-25 06:07:02	1	255	1	0
      126	2023-01-25 06:20:19	1	255	1	0
       45	2023-01-25 06:31:59	1	255	1	0
        0	2023-01-25 06:34:11	1	201	1	0
      101	2023-01-25 06:34:14	1	255	1	0
      129	2023-01-25 06:51:20	1	255	1	0
      131	2023-01-25 06:52:56	1	255	1	0
      125	2023-01-25 06:55:34	1	255	1	0
        0	2023-01-25 06:55:37	1	201	1	0
        0	2023-01-25 06:55:38	1	201	1	0
       80	2023-01-25 06:55:40	1	255	1	0
      127	2023-01-25 06:58:33	1	255	1	0
       10	2023-01-25 06:59:11	1	255	1	0
       32	2023-01-25 07:04:28	1	255	1	0
       96	2023-01-25 07:10:11	1	255	1	0
       94	2023-01-25 07:23:15	1	255	1	0
      115	2023-01-25 07:33:03	1	255	1	0
      134	2023-01-25 07:45:39	1	255	1	0
       23	2023-01-25 07:52:24	1	255	1	0
      104	2023-01-25 07:53:59	1	255	1	0
        0	2023-01-25 08:18:15	1	201	1	0
       54	2023-01-25 08:18:16	1	255	1	0
       48	2023-01-25 12:45:51	1	255	1	0
      115	2023-01-25 16:30:56	1	255	1	0
       17	2023-01-25 17:02:34	1	255	1	0
        0	2023-01-25 17:08:18	1	201	1	0
        0	2023-01-25 17:08:20	1	201	1	0
        0	2023-01-25 17:08:23	1	201	1	0
      101	2023-01-25 17:08:27	1	255	1	0
        0	2023-01-25 17:17:31	1	201	1	0
       99	2023-01-25 17:17:33	1	255	1	0
      134	2023-01-25 18:16:51	1	255	1	0
      134	2023-01-25 18:16:52	1	255	1	0
        0	2023-01-25 18:22:43	1	201	1	0
        0	2023-01-25 18:22:45	1	201	1	0
        0	2023-01-25 18:22:48	1	201	1	0
      123	2023-01-25 18:22:52	1	255	1	0
       44	2023-01-25 18:30:53	1	255	1	0
       47	2023-01-25 18:32:10	1	255	1	0
      126	2023-01-25 18:46:25	1	255	1	0
       23	2023-01-25 19:12:13	1	255	1	0
      125	2023-01-25 19:16:21	1	255	1	0
      116	2023-01-25 19:16:25	1	255	1	0
       96	2023-01-25 19:16:32	1	255	1	0
        0	2023-01-25 19:26:56	1	201	1	0
      127	2023-01-25 19:26:59	1	255	1	0
       32	2023-01-25 19:59:43	1	255	1	0
       48	2023-01-25 21:00:44	1	255	1	0
        0	2023-01-26 06:21:53	1	201	1	0
        0	2023-01-26 06:21:56	1	201	1	0
        0	2023-01-26 06:22:01	1	201	1	0
        0	2023-01-26 06:22:03	1	201	1	0
        0	2023-01-26 06:22:06	1	201	1	0
        0	2023-01-26 06:22:23	1	201	1	0
      123	2023-01-26 06:22:26	1	255	1	0
        0	2023-01-26 06:25:45	1	201	1	0
        0	2023-01-26 06:25:48	1	201	1	0
        0	2023-01-26 06:25:50	1	201	1	0
      101	2023-01-26 06:25:54	1	255	1	0
        0	2023-01-26 06:39:40	1	201	1	0
      126	2023-01-26 06:39:43	1	255	1	0
       56	2023-01-26 06:42:17	1	255	1	0
       47	2023-01-26 06:48:11	1	255	1	0
       44	2023-01-26 06:51:23	1	255	1	0
      134	2023-01-26 06:51:36	1	255	1	0
       82	2023-01-26 06:52:31	1	255	1	0
       42	2023-01-26 06:55:21	1	255	1	0
      131	2023-01-26 07:01:19	1	255	1	0
       96	2023-01-26 07:07:07	1	255	1	0
      115	2023-01-26 07:22:51	1	255	1	0
       94	2023-01-26 07:23:47	1	255	1	0
        0	2023-01-26 07:30:33	1	201	1	0
       15	2023-01-26 07:43:22	1	255	1	0
       54	2023-01-26 07:45:15	1	255	1	0
       48	2023-01-26 12:26:07	1	255	1	0
      101	2023-01-26 16:07:17	1	255	1	0
      115	2023-01-26 16:12:33	1	255	1	0
       99	2023-01-26 16:36:46	1	255	1	0
       15	2023-01-26 17:24:33	1	255	1	0
        0	2023-01-26 18:00:54	1	201	1	0
        0	2023-01-26 18:00:55	1	201	1	0
      134	2023-01-26 18:01:01	1	255	1	0
       44	2023-01-26 18:21:18	1	255	1	0
        0	2023-01-26 18:27:41	1	201	1	0
        0	2023-01-26 18:27:44	1	201	1	0
      123	2023-01-26 18:27:47	1	255	1	0
      123	2023-01-26 18:27:48	1	255	1	0
      125	2023-01-26 18:55:27	1	255	1	0
      125	2023-01-26 18:55:28	1	255	1	0
        0	2023-01-26 18:55:36	1	201	1	0
      136	2023-01-26 18:55:39	1	255	1	0
       23	2023-01-26 19:12:51	1	255	1	0
      126	2023-01-26 19:13:23	1	255	1	0
       94	2023-01-26 19:19:31	1	255	1	0
      131	2023-01-26 19:22:22	1	255	1	0
       96	2023-01-26 19:22:27	1	255	1	0
       56	2023-01-26 19:30:14	1	255	1	0
       43	2023-01-26 19:47:10	1	255	1	0
       48	2023-01-26 20:25:00	1	255	1	0
        0	2023-01-26 20:35:06	1	201	1	0
       28	2023-01-26 20:35:08	1	255	1	0
       82	2023-01-26 20:36:28	1	255	1	0
        0	2023-01-26 20:36:30	1	201	1	0
       82	2023-01-26 20:36:31	1	255	1	0
       82	2023-01-26 21:01:38	1	255	1	0
        0	2023-01-26 21:19:03	1	201	1	0
       45	2023-01-27 06:15:34	1	255	1	0
       87	2023-01-27 06:25:02	1	255	1	0
      123	2023-01-27 06:27:20	1	255	1	0
        0	2023-01-27 06:32:45	1	201	1	0
      101	2023-01-27 06:32:47	1	255	1	0
      133	2023-01-27 06:40:07	1	255	1	0
       21	2023-01-27 06:41:45	1	255	1	0
       21	2023-01-27 06:41:46	1	255	1	0
       20	2023-01-27 06:49:33	1	255	1	0
      126	2023-01-27 06:50:30	1	255	1	0
       42	2023-01-27 06:58:53	1	255	1	0
       58	2023-01-27 07:00:38	1	255	1	0
       82	2023-01-27 07:06:15	1	255	1	0
       38	2023-01-27 07:06:56	1	255	1	0
       44	2023-01-27 07:08:38	1	255	1	0
       43	2023-01-27 07:33:33	1	255	1	0
       23	2023-01-27 07:53:50	1	255	1	0
       40	2023-01-27 07:54:01	1	255	1	0
      125	2023-01-27 08:27:56	1	255	1	0
      134	2023-01-27 08:32:11	1	255	1	0
      101	2023-01-27 16:05:13	1	255	1	0
       57	2023-01-27 18:05:38	1	255	1	0
        0	2023-01-27 18:21:56	1	201	1	0
      123	2023-01-27 18:22:00	1	255	1	0
       45	2023-01-27 18:25:20	1	255	1	0
      126	2023-01-27 18:27:13	1	255	1	0
      134	2023-01-27 18:30:40	1	255	1	0
        0	2023-01-27 18:30:42	1	201	1	0
      134	2023-01-27 18:30:50	1	255	1	0
      130	2023-01-27 18:35:44	1	255	1	0
        0	2023-01-27 18:35:47	1	201	1	0
        0	2023-01-27 18:35:50	1	201	1	0
      136	2023-01-27 18:35:54	1	255	1	0
      117	2023-01-27 18:40:04	1	255	1	0
       21	2023-01-27 18:46:16	1	255	1	0
      100	2023-01-27 18:50:36	1	255	1	0
      125	2023-01-27 18:59:13	1	255	1	0
      125	2023-01-27 18:59:14	1	255	1	0
       20	2023-01-27 19:04:10	1	255	1	0
       44	2023-01-27 19:11:10	1	255	1	0
       87	2023-01-27 19:13:09	1	255	1	0
       78	2023-01-27 19:15:28	1	255	1	0
        0	2023-01-27 19:45:04	1	201	1	0
        0	2023-01-27 19:45:06	1	201	1	0
       38	2023-01-27 19:45:08	1	255	1	0
       43	2023-01-27 19:51:04	1	255	1	0
       82	2023-01-27 19:52:29	1	255	1	0
        0	2023-01-27 20:16:56	1	201	1	0
      133	2023-01-27 20:17:02	1	255	1	0
        0	2023-01-28 06:15:50	1	201	1	0
       45	2023-01-28 06:15:52	1	255	1	0
      133	2023-01-28 06:22:38	1	255	1	0
      121	2023-01-28 06:34:11	1	255	1	0
      113	2023-01-28 06:40:29	1	255	1	0
      131	2023-01-28 06:47:31	1	255	1	0
       44	2023-01-28 06:58:41	1	255	1	0
       87	2023-01-28 07:05:19	1	255	1	0
      130	2023-01-28 07:11:27	1	255	1	0
       43	2023-01-28 07:29:00	1	255	1	0
      117	2023-01-28 07:47:23	1	255	1	0
        0	2023-01-28 08:07:43	1	201	1	0
       58	2023-01-28 08:07:48	1	255	1	0
       78	2023-01-28 08:15:01	1	255	1	0
        0	2023-01-28 08:17:37	1	201	1	0
       28	2023-01-28 08:17:39	1	255	1	0
      125	2023-01-28 08:51:06	1	255	1	0
      122	2023-01-28 18:16:46	1	255	1	0
      104	2023-01-28 18:23:38	1	255	1	0
       47	2023-01-28 18:27:37	1	255	1	0
      135	2023-01-28 18:27:51	1	255	1	0
        0	2023-01-28 18:35:29	1	201	1	0
       45	2023-01-28 18:35:30	1	255	1	0
      113	2023-01-28 18:37:21	1	255	1	0
      130	2023-01-28 18:58:04	1	255	1	0
      131	2023-01-28 19:06:17	1	255	1	0
      121	2023-01-28 19:33:48	1	255	1	0
      117	2023-01-28 19:57:10	1	255	1	0
       87	2023-01-28 20:02:37	1	255	1	0
       40	2023-01-28 20:03:04	1	255	1	0
      133	2023-01-28 20:27:18	1	255	1	0
       45	2023-01-29 06:10:35	1	255	1	0
      121	2023-01-29 06:17:16	1	255	1	0
       47	2023-01-29 06:17:48	1	255	1	0
      113	2023-01-29 06:46:26	1	255	1	0
      135	2023-01-29 06:55:48	1	255	1	0
      131	2023-01-29 07:04:47	1	255	1	0
        0	2023-01-29 07:04:54	1	201	1	0
       87	2023-01-29 07:04:58	1	255	1	0
       58	2023-01-29 07:11:51	1	255	1	0
        9	2023-01-29 07:12:29	1	255	1	0
      128	2023-01-29 07:26:01	1	255	1	0
      130	2023-01-29 07:26:06	1	255	1	0
      122	2023-01-29 07:41:00	1	255	1	0
      104	2023-01-29 08:06:14	1	255	1	0
       20	2023-01-29 08:14:32	1	255	1	0
       78	2023-01-29 08:44:43	1	255	1	0
       48	2023-01-29 13:38:47	1	255	1	0
      135	2023-01-29 18:13:57	1	255	1	0
       56	2023-01-29 18:23:24	1	255	1	0
      104	2023-01-29 18:24:47	1	255	1	0
       47	2023-01-29 18:26:48	1	255	1	0
       20	2023-01-29 18:30:50	1	255	1	0
       45	2023-01-29 18:33:08	1	255	1	0
      113	2023-01-29 18:44:29	1	255	1	0
       78	2023-01-29 18:57:21	1	255	1	0
       58	2023-01-29 19:05:15	1	255	1	0
      131	2023-01-29 19:08:11	1	255	1	0
      131	2023-01-29 19:08:12	1	255	1	0
      128	2023-01-29 19:08:19	1	255	1	0
       87	2023-01-29 19:09:51	1	255	1	0
      121	2023-01-29 19:12:27	1	255	1	0
       82	2023-01-29 19:28:12	1	255	1	0
      117	2023-01-29 19:32:11	1	255	1	0
       48	2023-01-29 20:01:13	1	255	1	0
       42	2023-01-30 06:25:09	1	255	1	0
       42	2023-01-30 06:25:10	1	255	1	0
      126	2023-01-30 06:26:51	1	255	1	0
       47	2023-01-30 06:32:29	1	255	1	0
        0	2023-01-30 06:35:30	1	201	1	0
        0	2023-01-30 06:35:32	1	201	1	0
      101	2023-01-30 06:35:35	1	255	1	0
      128	2023-01-30 06:48:03	1	255	1	0
        9	2023-01-30 06:50:13	1	255	1	0
      136	2023-01-30 06:51:30	1	255	1	0
      100	2023-01-30 06:55:41	1	255	1	0
       96	2023-01-30 06:56:41	1	255	1	0
      131	2023-01-30 06:59:12	1	255	1	0
      131	2023-01-30 06:59:13	1	255	1	0
       44	2023-01-30 06:59:29	1	255	1	0
        0	2023-01-30 07:00:10	1	201	1	0
        0	2023-01-30 07:00:12	1	201	1	0
      122	2023-01-30 07:00:14	1	255	1	0
       32	2023-01-30 07:03:49	1	255	1	0
      127	2023-01-30 07:05:09	1	255	1	0
        0	2023-01-30 07:14:48	1	201	1	0
       15	2023-01-30 07:14:50	1	255	1	0
      135	2023-01-30 07:38:13	1	255	1	0
       56	2023-01-30 07:39:13	1	255	1	0
      117	2023-01-30 07:52:52	1	255	1	0
      104	2023-01-30 08:40:57	1	255	1	0
       78	2023-01-30 09:40:45	1	255	1	0
       78	2023-01-30 09:40:46	1	255	1	0
        0	2023-01-30 12:46:42	1	201	1	0
       48	2023-01-30 12:46:45	1	255	1	0
        0	2023-01-30 16:03:41	1	201	1	0
        0	2023-01-30 16:03:43	1	201	1	0
      101	2023-01-30 16:03:46	1	255	1	0
       17	2023-01-30 17:15:14	1	255	1	0
       99	2023-01-30 17:55:51	1	255	1	0
       15	2023-01-30 18:00:34	1	255	1	0
       47	2023-01-30 18:14:19	1	255	1	0
        0	2023-01-30 18:24:16	1	201	1	0
        0	2023-01-30 18:24:19	1	201	1	0
        0	2023-01-30 18:24:22	1	201	1	0
      123	2023-01-30 18:24:25	1	255	1	0
      126	2023-01-30 18:30:31	1	255	1	0
       23	2023-01-30 18:52:41	1	255	1	0
        0	2023-01-30 19:08:13	1	201	1	0
       38	2023-01-30 19:08:14	1	255	1	0
       94	2023-01-30 19:14:03	1	255	1	0
      128	2023-01-30 19:17:38	1	255	1	0
        0	2023-01-30 19:18:08	1	201	1	0
      131	2023-01-30 19:18:13	1	255	1	0
       96	2023-01-30 19:18:17	1	255	1	0
      125	2023-01-30 19:18:29	1	255	1	0
       44	2023-01-30 19:31:38	1	255	1	0
      100	2023-01-30 19:32:27	1	255	1	0
       48	2023-01-30 19:36:11	1	255	1	0
       57	2023-01-31 06:18:01	1	255	1	0
       44	2023-01-31 06:22:08	1	255	1	0
       47	2023-01-31 06:22:35	1	255	1	0
        0	2023-01-31 06:26:20	1	201	1	0
        0	2023-01-31 06:26:22	1	201	1	0
      123	2023-01-31 06:26:27	1	255	1	0
        0	2023-01-31 06:38:55	1	201	1	0
        0	2023-01-31 06:38:57	1	201	1	0
      101	2023-01-31 06:39:00	1	255	1	0
      128	2023-01-31 06:41:51	1	255	1	0
       82	2023-01-31 06:47:24	1	255	1	0
        0	2023-01-31 06:53:03	1	201	1	0
      127	2023-01-31 06:53:06	1	255	1	0
      129	2023-01-31 06:54:37	1	255	1	0
       32	2023-01-31 06:56:02	1	255	1	0
       96	2023-01-31 07:30:26	1	255	1	0
       23	2023-01-31 07:30:57	1	255	1	0
       23	2023-01-31 07:30:58	1	255	1	0
      134	2023-01-31 07:44:39	1	255	1	0
       94	2023-01-31 08:05:40	1	255	1	0
      115	2023-01-31 08:12:11	1	255	1	0
      125	2023-01-31 09:30:26	1	255	1	0
        2	2023-01-31 11:44:12	1	255	1	0
       93	2023-01-01 07:36:10	1	255	1	0
       93	2023-01-01 20:00:20	1	255	1	0
       52	2023-01-02 06:57:28	1	255	1	0
        0	2023-01-02 19:43:28	1	201	1	0
        0	2023-01-02 19:43:31	1	201	1	0
      130	2023-01-02 19:43:33	1	255	1	0
        0	2023-01-03 06:47:35	1	201	1	0
        0	2023-01-03 06:47:36	1	201	1	0
       16	2023-01-03 06:47:39	1	255	1	0
        0	2023-01-03 06:47:46	1	201	1	0
       93	2023-01-03 06:47:48	1	255	1	0
       55	2023-01-03 07:13:01	1	255	1	0
       93	2023-01-03 19:23:04	1	255	1	0
       40	2023-01-03 20:01:46	1	255	1	0
       40	2023-01-03 20:01:47	1	255	1	0
      117	2023-01-04 07:40:41	1	255	1	0
       40	2023-01-04 20:08:26	1	255	1	0
       40	2023-01-04 20:08:27	1	255	1	0
        0	2023-01-05 07:01:24	1	201	1	0
        0	2023-01-05 07:01:26	1	201	1	0
       93	2023-01-05 07:01:29	1	255	1	0
       28	2023-01-05 08:58:40	1	255	1	0
       84	2023-01-06 14:37:47	1	255	1	0
       84	2023-01-06 14:37:49	1	255	1	0
       84	2023-01-06 14:37:50	1	255	1	0
        0	2023-01-06 14:37:52	1	201	1	0
       66	2023-01-06 14:37:54	1	255	1	0
       40	2023-01-06 21:15:41	1	255	1	0
        9	2023-01-07 06:49:40	1	255	1	0
      129	2023-01-07 18:48:13	1	255	1	0
        0	2023-01-08 06:47:30	1	201	1	0
       45	2023-01-08 06:47:32	1	255	1	0
       93	2023-01-08 19:39:39	1	255	1	0
       66	2023-01-09 13:59:18	1	255	1	0
       40	2023-01-09 19:57:56	1	255	1	0
      122	2023-01-10 07:23:26	1	255	1	0
       40	2023-01-10 20:50:31	1	255	1	0
       93	2023-01-11 06:40:50	1	255	1	0
       40	2023-01-11 22:06:06	1	255	1	0
      129	2023-01-12 06:52:23	1	255	1	0
      130	2023-01-12 06:52:25	1	255	1	0
      122	2023-01-12 07:00:56	1	255	1	0
       28	2023-01-12 07:01:21	1	255	1	0
       80	2023-01-12 07:55:47	1	255	1	0
        0	2023-01-13 06:02:05	1	201	1	0
        0	2023-01-13 06:02:08	1	201	1	0
      123	2023-01-13 06:02:11	1	255	1	0
      122	2023-01-13 06:36:32	1	255	1	0
      130	2023-01-13 07:01:34	1	255	1	0
       66	2023-01-14 06:20:22	1	255	1	0
       93	2023-01-14 07:10:12	1	255	1	0
       28	2023-01-14 08:13:55	1	255	1	0
       93	2023-01-14 20:07:34	1	255	1	0
       93	2023-01-15 07:05:45	1	255	1	0
       28	2023-01-15 07:12:23	1	255	1	0
      129	2023-01-15 07:53:42	1	255	1	0
       93	2023-01-15 19:44:53	1	255	1	0
      117	2023-01-15 19:52:11	1	255	1	0
       93	2023-01-16 06:59:31	1	255	1	0
       15	2023-01-16 07:32:03	1	255	1	0
        0	2023-01-16 19:06:33	1	201	1	0
       93	2023-01-16 19:06:35	1	255	1	0
        0	2023-01-17 07:13:09	1	201	1	0
      122	2023-01-17 07:13:11	1	255	1	0
        0	2023-01-18 06:09:51	1	201	1	0
       40	2023-01-18 06:09:54	1	255	1	0
      115	2023-01-18 06:39:21	1	255	1	0
       15	2023-01-18 18:37:02	1	255	1	0
      129	2023-01-19 06:35:23	1	255	1	0
      122	2023-01-19 07:25:41	1	255	1	0
       93	2023-01-20 08:09:16	1	255	1	0
      129	2023-01-21 07:41:11	1	255	1	0
       93	2023-01-21 08:00:12	1	255	1	0
      129	2023-01-21 18:50:10	1	255	1	0
       93	2023-01-23 06:47:49	1	255	1	0
      122	2023-01-23 07:03:53	1	255	1	0
        0	2023-01-23 08:29:12	1	201	1	0
       40	2023-01-23 08:29:14	1	255	1	0
        0	2023-01-23 10:28:19	1	201	1	0
        0	2023-01-23 10:28:21	1	201	1	0
        0	2023-01-23 10:28:23	1	201	1	0
        0	2023-01-23 10:28:25	1	201	1	0
        0	2023-01-23 10:28:26	1	201	1	0
        0	2023-01-23 10:28:29	1	201	1	0
       28	2023-01-23 10:28:31	1	255	1	0
       93	2023-01-23 19:49:30	1	255	1	0
       88	2023-01-24 05:59:25	1	255	1	0
      117	2023-01-24 07:44:17	1	255	1	0
      117	2023-01-24 07:44:19	1	255	1	0
       66	2023-01-24 13:33:43	1	255	1	0
       93	2023-01-24 19:26:04	1	255	1	0
      130	2023-01-25 07:59:54	1	255	1	0
      130	2023-01-25 07:59:55	1	255	1	0
       28	2023-01-25 08:12:27	1	255	1	0
        0	2023-01-25 08:12:28	1	201	1	0
       28	2023-01-25 08:12:32	1	255	1	0
      100	2023-01-25 18:35:24	1	255	1	0
      100	2023-01-25 18:35:25	1	255	1	0
       93	2023-01-25 19:23:45	1	255	1	0
       28	2023-01-26 07:02:35	1	255	1	0
       93	2023-01-26 07:37:43	1	255	1	0
       99	2023-01-26 08:18:25	1	255	1	0
      129	2023-01-26 08:59:24	1	255	1	0
        0	2023-01-27 08:12:20	1	201	1	0
       99	2023-01-27 08:12:23	1	255	1	0
        0	2023-01-27 19:07:47	1	201	1	0
       28	2023-01-27 19:07:51	1	255	1	0
       66	2023-01-28 06:09:37	1	255	1	0
       56	2023-01-29 07:54:33	1	255	1	0
      117	2023-01-29 07:54:36	1	255	1	0
       40	2023-01-29 08:33:05	1	255	1	0
       40	2023-01-29 13:46:40	1	255	1	0
        0	2023-01-29 18:18:12	1	201	1	0
      122	2023-01-29 18:18:14	1	255	1	0
      127	2023-01-30 19:22:19	1	255	1	0
       32	2023-01-30 20:24:41	1	255	1	0
        0	2023-01-31 07:39:01	1	201	1	0
        0	2023-01-31 07:39:04	1	201	1	0
       99	2023-01-31 07:39:06	1	255	1	0
        2	2023-01-31 11:37:24	1	255	1	0
        0	2023-01-31 11:38:25	1	201	1	0
        0	2023-01-31 11:38:27	1	201	1	0
        0	2023-01-31 11:38:28	1	201	1	0
        0	2023-01-31 11:38:30	1	201	1	0
        0	2023-01-31 11:38:32	1	201	1	0
        0	2023-01-31 11:38:34	1	201	1	0
        0	2023-01-31 11:38:36	1	201	1	0
        0	2023-01-31 11:38:37	1	201	1	0
        0	2023-01-31 11:38:39	1	201	1	0
        0	2023-01-31 11:38:41	1	201	1	0
        0	2023-01-31 11:38:42	1	201	1	0
        0	2023-01-31 11:38:44	1	201	1	0
        0	2023-01-31 11:38:45	1	201	1	0
        2	2023-01-31 11:38:47	1	255	1	0
        0	2023-01-31 11:43:55	1	201	1	0
        0	2023-01-31 11:43:57	1	201	1	0
        2	2023-01-31 11:43:58	1	255	1	0
       57	2023-01-01 06:19:15	1	255	1	0
       57	2023-01-02 07:17:13	1	255	1	0
       28	2023-01-02 08:16:39	1	255	1	0
       11	2023-01-02 08:51:23	1	255	1	0
        8	2023-01-02 09:48:25	1	255	1	0
       11	2023-01-02 16:33:31	1	255	1	0
       40	2023-01-03 06:18:10	1	255	1	0
       11	2023-01-03 07:02:33	1	255	1	0
        8	2023-01-03 07:02:38	1	255	1	0
      114	2023-01-03 07:31:37	1	255	1	0
        0	2023-01-03 07:36:48	1	201	1	0
        0	2023-01-03 07:36:50	1	201	1	0
        7	2023-01-03 07:36:53	1	255	1	0
        0	2023-01-03 08:00:14	1	201	1	0
        0	2023-01-03 08:00:16	1	201	1	0
        0	2023-01-03 08:00:19	1	201	1	0
      110	2023-01-03 18:11:22	1	255	1	0
       36	2023-01-03 18:17:54	1	255	1	0
      114	2023-01-03 18:29:52	1	255	1	0
      116	2023-01-03 18:37:34	1	255	1	0
        0	2023-01-03 21:24:16	1	201	1	0
       11	2023-01-04 06:59:45	1	255	1	0
        8	2023-01-04 07:21:52	1	255	1	0
        7	2023-01-04 07:36:41	1	255	1	0
      114	2023-01-04 07:46:19	1	255	1	0
      116	2023-01-04 07:52:27	1	255	1	0
        8	2023-01-04 17:27:11	1	255	1	0
      116	2023-01-04 17:29:32	1	255	1	0
        8	2023-01-04 17:33:46	1	255	1	0
        0	2023-01-04 18:38:44	1	201	1	0
       11	2023-01-04 18:38:47	1	255	1	0
      114	2023-01-04 18:45:06	1	255	1	0
        0	2023-01-04 19:16:59	1	201	1	0
        7	2023-01-04 19:17:04	1	255	1	0
       53	2023-01-04 20:39:02	1	255	1	0
      114	2023-01-05 06:00:32	1	255	1	0
       11	2023-01-05 06:40:42	1	255	1	0
        0	2023-01-05 06:55:55	1	201	1	0
       57	2023-01-05 06:55:57	1	255	1	0
       57	2023-01-05 06:55:58	1	255	1	0
        8	2023-01-05 07:15:10	1	255	1	0
        7	2023-01-05 07:46:56	1	255	1	0
      116	2023-01-05 08:07:30	1	255	1	0
       11	2023-01-05 17:40:41	1	255	1	0
        8	2023-01-05 17:43:40	1	255	1	0
        0	2023-01-05 17:43:45	1	201	1	0
       81	2023-01-05 17:43:48	1	255	1	0
       36	2023-01-05 17:52:00	1	255	1	0
      114	2023-01-05 18:07:24	1	255	1	0
        7	2023-01-05 18:38:21	1	255	1	0
       40	2023-01-06 06:16:30	1	255	1	0
       11	2023-01-06 06:48:04	1	255	1	0
      114	2023-01-06 07:17:20	1	255	1	0
        0	2023-01-06 07:20:00	1	201	1	0
        7	2023-01-06 07:20:02	1	255	1	0
        8	2023-01-06 07:21:21	1	255	1	0
      116	2023-01-06 08:04:08	1	255	1	0
       11	2023-01-06 18:47:18	1	255	1	0
       11	2023-01-06 18:47:19	1	255	1	0
        8	2023-01-06 18:48:36	1	255	1	0
      110	2023-01-06 19:20:02	1	255	1	0
        7	2023-01-06 20:24:16	1	255	1	0
       11	2023-01-07 08:54:19	1	255	1	0
      116	2023-01-07 09:23:04	1	255	1	0
      116	2023-01-07 15:40:43	1	255	1	0
        0	2023-01-07 18:29:24	1	201	1	0
       57	2023-01-07 18:29:28	1	255	1	0
       11	2023-01-07 20:00:23	1	255	1	0
        0	2023-01-08 06:35:10	1	201	1	0
       44	2023-01-08 06:35:13	1	255	1	0
       57	2023-01-08 06:45:44	1	255	1	0
       57	2023-01-08 18:25:39	1	255	1	0
       40	2023-01-09 06:41:37	1	255	1	0
        0	2023-01-09 07:17:17	1	201	1	0
        0	2023-01-09 07:17:19	1	201	1	0
        0	2023-01-09 07:17:22	1	201	1	0
        0	2023-01-09 07:17:25	1	201	1	0
      114	2023-01-09 08:12:25	1	255	1	0
       11	2023-01-09 08:22:28	1	255	1	0
      116	2023-01-09 09:27:05	1	255	1	0
       81	2023-01-09 17:21:42	1	255	1	0
       11	2023-01-09 19:43:13	1	255	1	0
       40	2023-01-10 06:00:42	1	255	1	0
        0	2023-01-10 06:31:32	1	201	1	0
        0	2023-01-10 06:31:34	1	201	1	0
        0	2023-01-10 06:31:38	1	201	1	0
       11	2023-01-10 06:59:10	1	255	1	0
        8	2023-01-10 07:08:22	1	255	1	0
        7	2023-01-10 07:30:16	1	255	1	0
       17	2023-01-10 07:46:01	1	255	1	0
      114	2023-01-10 07:58:48	1	255	1	0
      116	2023-01-10 08:02:53	1	255	1	0
       54	2023-01-10 08:17:25	1	255	1	0
      116	2023-01-10 18:04:13	1	255	1	0
        0	2023-01-10 18:18:11	1	201	1	0
       81	2023-01-10 18:18:15	1	255	1	0
      114	2023-01-10 18:31:34	1	255	1	0
        0	2023-01-10 19:34:21	1	201	1	0
        7	2023-01-10 19:34:23	1	255	1	0
       11	2023-01-10 20:00:40	1	255	1	0
       40	2023-01-11 06:00:00	1	255	1	0
       11	2023-01-11 06:50:40	1	255	1	0
      110	2023-01-11 07:11:25	1	255	1	0
        8	2023-01-11 07:11:30	1	255	1	0
      114	2023-01-11 07:51:00	1	255	1	0
        7	2023-01-11 07:54:09	1	255	1	0
       17	2023-01-11 07:54:26	1	255	1	0
        8	2023-01-11 18:00:36	1	255	1	0
        0	2023-01-11 18:00:37	1	201	1	0
       27	2023-01-11 18:00:41	1	255	1	0
      116	2023-01-11 18:16:00	1	255	1	0
      114	2023-01-11 18:53:19	1	255	1	0
        7	2023-01-11 18:57:50	1	255	1	0
      110	2023-01-11 19:22:38	1	255	1	0
       36	2023-01-11 20:04:32	1	255	1	0
       53	2023-01-11 20:08:16	1	255	1	0
       11	2023-01-11 21:36:08	1	255	1	0
        0	2023-01-12 06:45:04	1	201	1	0
        0	2023-01-12 06:45:06	1	201	1	0
       11	2023-01-12 06:45:09	1	255	1	0
        0	2023-01-12 07:30:51	1	201	1	0
        6	2023-01-12 07:30:55	1	255	1	0
        8	2023-01-12 07:43:27	1	255	1	0
      114	2023-01-12 07:51:14	1	255	1	0
      116	2023-01-12 07:52:18	1	255	1	0
        7	2023-01-12 07:54:36	1	255	1	0
       17	2023-01-12 17:13:55	1	255	1	0
      116	2023-01-12 17:27:50	1	255	1	0
       81	2023-01-12 17:44:56	1	255	1	0
      114	2023-01-12 18:50:26	1	255	1	0
        7	2023-01-12 19:44:47	1	255	1	0
        1	2023-01-12 19:48:09	1	255	1	0
       11	2023-01-12 20:01:51	1	255	1	0
       53	2023-01-12 20:34:40	1	255	1	0
        8	2023-01-13 07:01:04	1	255	1	0
        6	2023-01-13 07:16:41	1	255	1	0
       11	2023-01-13 07:20:40	1	255	1	0
        7	2023-01-13 07:52:22	1	255	1	0
      114	2023-01-13 07:53:38	1	255	1	0
       27	2023-01-13 08:00:09	1	255	1	0
      116	2023-01-13 08:16:24	1	255	1	0
      114	2023-01-13 18:49:33	1	255	1	0
       40	2023-01-13 19:08:48	1	255	1	0
        7	2023-01-13 21:31:24	1	255	1	0
        6	2023-01-13 22:26:33	1	255	1	0
       11	2023-01-13 23:17:02	1	255	1	0
       57	2023-01-14 06:41:33	1	255	1	0
       19	2023-01-14 08:13:27	1	255	1	0
       19	2023-01-14 08:13:28	1	255	1	0
        0	2023-01-14 09:07:46	1	201	1	0
        0	2023-01-14 09:07:50	1	201	1	0
      116	2023-01-14 09:07:56	1	255	1	0
        6	2023-01-14 09:22:32	1	255	1	0
        0	2023-01-14 11:48:49	1	201	1	0
       11	2023-01-14 11:48:51	1	255	1	0
        6	2023-01-14 19:51:20	1	255	1	0
       11	2023-01-14 20:22:22	1	255	1	0
       53	2023-01-16 06:38:54	1	255	1	0
      110	2023-01-16 06:44:25	1	255	1	0
       57	2023-01-16 07:01:41	1	255	1	0
        8	2023-01-16 07:21:38	1	255	1	0
       11	2023-01-16 07:30:11	1	255	1	0
        6	2023-01-16 07:34:07	1	255	1	0
      114	2023-01-16 07:37:13	1	255	1	0
        7	2023-01-16 07:45:26	1	255	1	0
       40	2023-01-16 08:14:27	1	255	1	0
       19	2023-01-16 08:15:12	1	255	1	0
      114	2023-01-16 18:43:37	1	255	1	0
      116	2023-01-16 18:51:28	1	255	1	0
       81	2023-01-16 19:06:07	1	255	1	0
        8	2023-01-16 19:06:11	1	255	1	0
       27	2023-01-16 19:06:16	1	255	1	0
      110	2023-01-16 19:12:22	1	255	1	0
        7	2023-01-16 19:24:12	1	255	1	0
       19	2023-01-16 19:27:58	1	255	1	0
       19	2023-01-16 19:28:00	1	255	1	0
        6	2023-01-16 21:24:08	1	255	1	0
       11	2023-01-16 21:29:25	1	255	1	0
       28	2023-01-17 07:00:34	1	255	1	0
        8	2023-01-17 07:00:40	1	255	1	0
       11	2023-01-17 07:01:57	1	255	1	0
       53	2023-01-17 07:07:46	1	255	1	0
        6	2023-01-17 07:29:53	1	255	1	0
       17	2023-01-17 07:33:58	1	255	1	0
       27	2023-01-17 07:57:07	1	255	1	0
      114	2023-01-17 08:06:27	1	255	1	0
      116	2023-01-17 08:20:04	1	255	1	0
       17	2023-01-17 17:22:13	1	255	1	0
        0	2023-01-17 17:39:50	1	201	1	0
       81	2023-01-17 17:39:52	1	255	1	0
        8	2023-01-17 17:39:55	1	255	1	0
      116	2023-01-17 17:45:44	1	255	1	0
      114	2023-01-17 18:44:04	1	255	1	0
      110	2023-01-17 18:52:22	1	255	1	0
       53	2023-01-17 18:52:46	1	255	1	0
        6	2023-01-17 18:52:50	1	255	1	0
        0	2023-01-17 18:55:41	1	201	1	0
       36	2023-01-17 18:55:47	1	255	1	0
        7	2023-01-17 19:02:59	1	255	1	0
       11	2023-01-17 19:12:16	1	255	1	0
       11	2023-01-18 06:48:49	1	255	1	0
       53	2023-01-18 06:52:11	1	255	1	0
        8	2023-01-18 07:03:41	1	255	1	0
      110	2023-01-18 07:21:08	1	255	1	0
        0	2023-01-18 07:40:38	1	201	1	0
        6	2023-01-18 07:51:42	1	255	1	0
       17	2023-01-18 08:05:39	1	255	1	0
      114	2023-01-18 08:13:27	1	255	1	0
       19	2023-01-18 08:13:55	1	255	1	0
      116	2023-01-18 08:18:10	1	255	1	0
       17	2023-01-18 17:22:51	1	255	1	0
        8	2023-01-18 18:18:28	1	255	1	0
        0	2023-01-18 18:53:21	1	201	1	0
       28	2023-01-18 18:53:23	1	255	1	0
       53	2023-01-18 19:44:02	1	255	1	0
       11	2023-01-18 19:47:54	1	255	1	0
        0	2023-01-18 19:54:13	1	201	1	0
       19	2023-01-18 19:54:15	1	255	1	0
       19	2023-01-18 19:54:16	1	255	1	0
      110	2023-01-18 20:11:27	1	255	1	0
        7	2023-01-18 20:38:43	1	255	1	0
       40	2023-01-19 06:07:59	1	255	1	0
       11	2023-01-19 06:55:50	1	255	1	0
       57	2023-01-19 07:02:20	1	255	1	0
        8	2023-01-19 07:03:59	1	255	1	0
      110	2023-01-19 07:20:47	1	255	1	0
      107	2023-01-19 07:37:46	1	255	1	0
        7	2023-01-19 08:08:54	1	255	1	0
      116	2023-01-19 08:13:37	1	255	1	0
       17	2023-01-19 17:17:29	1	255	1	0
       27	2023-01-19 18:04:55	1	255	1	0
        8	2023-01-19 18:05:52	1	255	1	0
      110	2023-01-19 18:18:45	1	255	1	0
       57	2023-01-19 18:19:00	1	255	1	0
        0	2023-01-19 18:42:54	1	201	1	0
      107	2023-01-19 18:44:14	1	255	1	0
       11	2023-01-19 19:10:07	1	255	1	0
       40	2023-01-19 20:53:24	1	255	1	0
        6	2023-01-19 21:09:00	1	255	1	0
        7	2023-01-19 21:14:40	1	255	1	0
       57	2023-01-20 06:45:26	1	255	1	0
       11	2023-01-20 07:09:05	1	255	1	0
        8	2023-01-20 07:09:50	1	255	1	0
      107	2023-01-20 07:16:26	1	255	1	0
        0	2023-01-20 07:30:48	1	201	1	0
      114	2023-01-20 07:30:53	1	255	1	0
       19	2023-01-20 07:39:26	1	255	1	0
        6	2023-01-20 07:51:08	1	255	1	0
       17	2023-01-20 07:59:58	1	255	1	0
        7	2023-01-20 08:02:57	1	255	1	0
       17	2023-01-20 17:16:36	1	255	1	0
        0	2023-01-20 17:39:51	1	201	1	0
        8	2023-01-20 17:39:57	1	255	1	0
       81	2023-01-20 17:42:51	1	255	1	0
       19	2023-01-20 18:16:01	1	255	1	0
        0	2023-01-20 18:49:24	1	201	1	0
      114	2023-01-20 18:49:29	1	255	1	0
        0	2023-01-20 18:49:32	1	201	1	0
       53	2023-01-20 18:49:35	1	255	1	0
      107	2023-01-20 18:52:05	1	255	1	0
        0	2023-01-20 19:30:21	1	201	1	0
        7	2023-01-20 19:51:58	1	255	1	0
        6	2023-01-20 19:52:25	1	255	1	0
       53	2023-01-20 19:52:35	1	255	1	0
       27	2023-01-21 09:03:16	1	255	1	0
      116	2023-01-21 09:24:09	1	255	1	0
      116	2023-01-21 17:32:03	1	255	1	0
       27	2023-01-21 17:39:15	1	255	1	0
       81	2023-01-21 17:39:22	1	255	1	0
       11	2023-01-21 19:12:38	1	255	1	0
        0	2023-01-23 06:38:53	1	201	1	0
       11	2023-01-23 06:38:55	1	255	1	0
        6	2023-01-23 06:39:15	1	255	1	0
      107	2023-01-23 07:34:15	1	255	1	0
        8	2023-01-23 07:38:48	1	255	1	0
       17	2023-01-23 07:59:20	1	255	1	0
      116	2023-01-23 08:02:52	1	255	1	0
        7	2023-01-23 08:05:43	1	255	1	0
      114	2023-01-23 08:25:57	1	255	1	0
       17	2023-01-23 17:04:01	1	255	1	0
      116	2023-01-23 18:28:20	1	255	1	0
      114	2023-01-23 18:39:03	1	255	1	0
      107	2023-01-23 19:28:53	1	255	1	0
      110	2023-01-23 20:04:19	1	255	1	0
        8	2023-01-23 20:08:28	1	255	1	0
       81	2023-01-23 20:08:31	1	255	1	0
       27	2023-01-23 20:08:33	1	255	1	0
        0	2023-01-23 20:24:15	1	201	1	0
        0	2023-01-23 20:24:23	1	201	1	0
       36	2023-01-23 20:24:29	1	255	1	0
       11	2023-01-23 20:51:53	1	255	1	0
       82	2023-01-23 20:52:01	1	255	1	0
        6	2023-01-23 22:26:22	1	255	1	0
        0	2023-01-24 06:37:56	1	201	1	0
        0	2023-01-24 06:37:57	1	201	1	0
       11	2023-01-24 06:38:00	1	255	1	0
      110	2023-01-24 07:24:09	1	255	1	0
       53	2023-01-24 07:31:15	1	255	1	0
      114	2023-01-24 07:36:24	1	255	1	0
      116	2023-01-24 07:36:40	1	255	1	0
        8	2023-01-24 07:40:58	1	255	1	0
        0	2023-01-24 07:56:11	1	201	1	0
        0	2023-01-24 07:56:13	1	201	1	0
        0	2023-01-24 07:56:14	1	201	1	0
        0	2023-01-24 07:56:16	1	201	1	0
      107	2023-01-24 08:03:16	1	255	1	0
       17	2023-01-24 08:04:38	1	255	1	0
       19	2023-01-24 08:04:59	1	255	1	0
       19	2023-01-24 08:05:00	1	255	1	0
        7	2023-01-24 08:15:09	1	255	1	0
       17	2023-01-24 17:22:16	1	255	1	0
      107	2023-01-24 17:48:27	1	255	1	0
        8	2023-01-24 18:03:46	1	255	1	0
       27	2023-01-24 18:05:17	1	255	1	0
       81	2023-01-24 18:05:34	1	255	1	0
      110	2023-01-24 18:07:34	1	255	1	0
      114	2023-01-24 18:23:34	1	255	1	0
       19	2023-01-24 18:31:08	1	255	1	0
       53	2023-01-24 19:16:23	1	255	1	0
       11	2023-01-24 19:29:29	1	255	1	0
        7	2023-01-24 21:13:50	1	255	1	0
       53	2023-01-25 06:24:06	1	255	1	0
      110	2023-01-25 07:01:42	1	255	1	0
        0	2023-01-25 07:04:53	1	201	1	0
       11	2023-01-25 07:04:56	1	255	1	0
      114	2023-01-25 07:18:02	1	255	1	0
        8	2023-01-25 07:25:01	1	255	1	0
        8	2023-01-25 07:25:03	1	255	1	0
        7	2023-01-25 07:33:59	1	255	1	0
        0	2023-01-25 07:56:37	1	201	1	0
       27	2023-01-25 07:56:39	1	255	1	0
      107	2023-01-25 07:58:07	1	255	1	0
        6	2023-01-25 07:59:15	1	255	1	0
       17	2023-01-25 08:14:56	1	255	1	0
       57	2023-01-25 17:58:43	1	255	1	0
      114	2023-01-25 18:33:13	1	255	1	0
        8	2023-01-25 19:07:35	1	255	1	0
        0	2023-01-25 19:08:51	1	201	1	0
        0	2023-01-25 19:08:54	1	201	1	0
       81	2023-01-25 19:08:58	1	255	1	0
        0	2023-01-25 19:09:06	1	201	1	0
       27	2023-01-25 19:09:11	1	255	1	0
      107	2023-01-25 19:13:23	1	255	1	0
       53	2023-01-25 19:16:43	1	255	1	0
       11	2023-01-25 20:01:46	1	255	1	0
        6	2023-01-25 23:08:29	1	255	1	0
       40	2023-01-26 06:25:32	1	255	1	0
        0	2023-01-26 06:39:48	1	201	1	0
       57	2023-01-26 06:39:50	1	255	1	0
       57	2023-01-26 06:39:52	1	255	1	0
       53	2023-01-26 06:49:41	1	255	1	0
      107	2023-01-26 07:14:39	1	255	1	0
      114	2023-01-26 07:26:53	1	255	1	0
        0	2023-01-26 07:49:48	1	201	1	0
       17	2023-01-26 07:49:50	1	255	1	0
        7	2023-01-26 07:53:22	1	255	1	0
        6	2023-01-26 07:53:27	1	255	1	0
        8	2023-01-26 07:55:17	1	255	1	0
        8	2023-01-26 07:55:19	1	255	1	0
       11	2023-01-26 07:57:48	1	255	1	0
      116	2023-01-26 08:14:22	1	255	1	0
        0	2023-01-26 08:17:12	1	201	1	0
       19	2023-01-26 08:17:14	1	255	1	0
       17	2023-01-26 17:14:23	1	255	1	0
        8	2023-01-26 17:23:34	1	255	1	0
      116	2023-01-26 17:53:01	1	255	1	0
       57	2023-01-26 18:13:43	1	255	1	0
       40	2023-01-26 18:20:25	1	255	1	0
      114	2023-01-26 18:23:22	1	255	1	0
        6	2023-01-26 19:34:49	1	255	1	0
       53	2023-01-26 19:34:54	1	255	1	0
       11	2023-01-26 20:35:44	1	255	1	0
        7	2023-01-26 20:37:18	1	255	1	0
        0	2023-01-27 06:48:08	1	201	1	0
       57	2023-01-27 06:48:09	1	255	1	0
       57	2023-01-27 06:48:11	1	255	1	0
       11	2023-01-27 06:49:56	1	255	1	0
       53	2023-01-27 06:56:59	1	255	1	0
      114	2023-01-27 07:26:21	1	255	1	0
        8	2023-01-27 07:34:28	1	255	1	0
      107	2023-01-27 07:59:29	1	255	1	0
       17	2023-01-27 08:01:32	1	255	1	0
      116	2023-01-27 08:14:36	1	255	1	0
       17	2023-01-27 17:16:15	1	255	1	0
        8	2023-01-27 17:27:26	1	255	1	0
       81	2023-01-27 17:27:42	1	255	1	0
      116	2023-01-27 17:46:53	1	255	1	0
        0	2023-01-27 18:23:18	1	201	1	0
        0	2023-01-27 18:23:21	1	201	1	0
        0	2023-01-27 18:23:24	1	201	1	0
        0	2023-01-27 18:23:27	1	201	1	0
        0	2023-01-27 18:23:30	1	201	1	0
      114	2023-01-27 19:04:10	1	255	1	0
      107	2023-01-27 19:13:19	1	255	1	0
       53	2023-01-27 19:57:32	1	255	1	0
       11	2023-01-27 20:50:42	1	255	1	0
        0	2023-01-27 20:58:17	1	201	1	0
        6	2023-01-27 20:58:22	1	255	1	0
        7	2023-01-27 21:53:25	1	255	1	0
       57	2023-01-28 07:06:42	1	255	1	0
       19	2023-01-28 07:52:25	1	255	1	0
       19	2023-01-28 07:52:27	1	255	1	0
        8	2023-01-28 09:31:39	1	255	1	0
       19	2023-01-28 15:18:00	1	255	1	0
        0	2023-01-28 15:58:36	1	201	1	0
        0	2023-01-28 15:58:41	1	201	1	0
      116	2023-01-28 15:58:46	1	255	1	0
        7	2023-01-29 15:39:48	1	255	1	0
        7	2023-01-29 20:39:58	1	255	1	0
       53	2023-01-30 06:37:46	1	255	1	0
       11	2023-01-30 07:07:34	1	255	1	0
      114	2023-01-30 07:07:40	1	255	1	0
        8	2023-01-30 07:24:16	1	255	1	0
      107	2023-01-30 07:32:41	1	255	1	0
        6	2023-01-30 07:37:22	1	255	1	0
        0	2023-01-30 07:39:09	1	201	1	0
       17	2023-01-30 07:39:14	1	255	1	0
        0	2023-01-30 07:44:11	1	201	1	0
      116	2023-01-30 08:16:07	1	255	1	0
        0	2023-01-30 08:19:02	1	201	1	0
        0	2023-01-30 08:19:04	1	201	1	0
       40	2023-01-30 08:22:57	1	255	1	0
        0	2023-01-30 08:24:03	1	201	1	0
      114	2023-01-30 18:20:45	1	255	1	0
      107	2023-01-30 19:12:44	1	255	1	0
       53	2023-01-30 19:30:46	1	255	1	0
        0	2023-01-30 19:30:59	1	201	1	0
       81	2023-01-30 19:31:03	1	255	1	0
      110	2023-01-30 19:42:20	1	255	1	0
       11	2023-01-30 19:50:23	1	255	1	0
        8	2023-01-30 19:50:43	1	255	1	0
        7	2023-01-30 21:15:14	1	255	1	0
       11	2023-01-31 06:49:20	1	255	1	0
        0	2023-01-31 07:05:47	1	201	1	0
       28	2023-01-31 07:05:48	1	255	1	0
        0	2023-01-31 07:11:51	1	201	1	0
        8	2023-01-31 07:11:54	1	255	1	0
        0	2023-01-31 07:18:30	1	201	1	0
        0	2023-01-31 07:18:36	1	201	1	0
      114	2023-01-31 07:18:42	1	255	1	0
        0	2023-01-31 07:22:39	1	201	1	0
      107	2023-01-31 07:22:45	1	255	1	0
       53	2023-01-31 07:32:20	1	255	1	0
        6	2023-01-31 07:46:36	1	255	1	0
        0	2023-01-31 08:00:28	1	201	1	0
       17	2023-01-31 08:00:34	1	255	1	0
        0	2023-01-31 08:28:04	1	201	1	0
        7	2023-01-31 08:28:09	1	255	1	0